5.727132527236920845e-02 4.732510611053813293e-02 2.924146856789437698e-02 4.786012637464120284e-02 5.165638171480096963e-02 1.521253828649626882e-01 2.375006070528306590e-01 4.697321173407163764e-02 4.676760728346329027e-02 2.378289329038187350e-01 4.544985012060900886e-02
7.149564057207288825e-02 5.392607986420456384e-02 3.163724613911471362e-02 3.184563206157136478e-02 4.797568697759715950e-02 1.793305247658427970e-01 2.378548461734507624e-01 4.396102936491283475e-02 6.918992083225643241e-02 1.445112096626721132e-01 8.827218358630428696e-02
1.308692009532095024e-01 1.086025527068149449e-01 8.013184979899933003e-02 1.168062940117165771e-01 1.075986617919668931e-01 1.226461704368681238e-01 5.390602875412930928e-02 7.086232585250651361e-02 1.157100040680465181e-01 4.758214863824299090e-02 4.528476298749926909e-02
1.047554747867226604e-01 1.398590155635157095e-01 5.894697108046753620e-02 7.919398880126991835e-02 5.327785817652384848e-02 1.511810284389698833e-01 6.287590772153220375e-02 4.523504653150180188e-02 1.871989565066865535e-01 4.606313262880757514e-02 7.141261976400233025e-02
1.969076510504353672e-01 1.146505524248099817e-01 9.886673656537139920e-02 2.140742185367717348e-02 6.712787354773730453e-02 5.090368685652121861e-02 3.740945168573206470e-02 8.622362153362039816e-02 1.466793238054382442e-01 1.845383353252225134e-02 1.613698471441346038e-01
1.632843914952566144e-01 7.496285561911029960e-02 9.720086874482376793e-02 5.981234404254318071e-02 2.030500430442111759e-01 5.545108601871960585e-02 3.522861407920027665e-02 1.668759386567899572e-01 8.065505372793932426e-02 2.819861241490344977e-02 3.528019215650231993e-02
2.751426872206990115e-01 9.650882664810177258e-02 9.266668318260164183e-02 2.512788124681068075e-02 1.108780533199686669e-01 3.952346572803489000e-02 2.674279273285029221e-02 1.327493138080992341e-01 1.126287022654048758e-01 1.773317228459196648e-02 7.029842156283704069e-02
1.965837329806993383e-01 1.070909618535456215e-01 1.323813561203439904e-01 4.396989016641974363e-02 1.623536240850730616e-01 4.915248548024622050e-02 3.037838100181087728e-02 1.086628091295642889e-01 1.037902629069663019e-01 2.241293583802354480e-02 4.322356043730699038e-02
2.464341998722210103e-01 6.830287783270505564e-02 7.799366939414505151e-02 2.808741101787379235e-02 1.480926312587357851e-01 3.862481438537557210e-02 2.865108478854267934e-02 2.119129656028383712e-01 8.004202687866864008e-02 1.918577887023396877e-02 5.267254009866001452e-02
2.041364435484645246e-01 1.380285041910663812e-01 1.113637715890478386e-01 3.722544840860348564e-02 9.682393848030435013e-02 6.003592053504691606e-02 3.090167626495371814e-02 7.316893334993804232e-02 1.670753796931995772e-01 1.958026542441501303e-02 6.165971851496019479e-02
8.870138485231880698e-02 9.475961116899275782e-02 5.026317393644112036e-02 6.593119997711538449e-02 5.858626780099500386e-02 1.486780825160075314e-01 1.513952731593547762e-01 4.773779374582554080e-02 1.037199674324659204e-01 1.215570304475315500e-01 6.867021496295160066e-02
5.595768906438899210e-02 4.608680987885682007e-02 2.735016355855618767e-02 2.920803383281172713e-02 4.673224033518075943e-02 1.479994309474869096e-01 3.047148153763628020e-01 4.274140264182023363e-02 4.361289143659928536e-02 1.948728665770169399e-01 6.072365635091935693e-02
