2.964635287999160540e-01 9.219612934506452029e-02 8.493693589028213087e-02 2.172230691870933803e-02 1.054799680234706771e-01 3.738863846709105515e-02 2.528960763828240477e-02 1.342760072606918598e-01 1.065361986244863501e-01 1.562130022209639452e-02 8.008937880990912861e-02
1.368454189319065761e-01 1.082012955673919419e-01 8.260133751670752089e-02 1.095291516528606873e-01 1.142025123281391885e-01 1.147710926668890352e-01 5.164297088876362851e-02 7.652787433324367838e-02 1.151541644048342528e-01 4.328984530874636222e-02 4.723433640051711430e-02
2.003684380055660574e-01 1.438783811074377250e-01 1.115269174844720906e-01 3.502340340265382157e-02 9.003670241876034208e-02 6.200711003559219309e-02 3.036326966129896526e-02 6.889572443023843362e-02 1.752758345309593235e-01 1.798579058897928004e-02 6.463842833404176424e-02
5.812408037298682356e-02 4.719052935770574192e-02 2.637327995478700240e-02 2.629673180771380583e-02 4.448530373715211400e-02 1.559225098815928412e-01 2.979439017290038128e-01 4.106841589449208851e-02 5.048764420932554814e-02 1.674281277942989143e-01 8.467947526094123101e-02
2.315419345802975093e-01 8.856438933155151572e-02 9.002948425892627615e-02 3.206805573009372662e-02 1.427097652649231829e-01 4.389951485421941801e-02 3.037952556899460588e-02 1.713854938358578828e-01 1.009415032156335823e-01 2.191161555730344532e-02 4.656871780219891399e-02
5.654674614859173110e-02 4.583482826051211989e-02 2.876213214802767967e-02 4.129340815464075526e-02 5.105338496828696476e-02 1.492769597128308645e-01 2.588150852398720669e-01 4.550811397119282342e-02 4.504563558499749543e-02 2.348079264961207002e-01 4.305577931492667043e-02
2.421990480031988857e-01 5.521420686424544089e-02 7.282799280198495873e-02 2.734101821627168971e-02 1.617506381537376359e-01 3.651680058139503138e-02 2.886763667510375275e-02 2.359220128293665897e-01 6.568037319990917278e-02 1.812269041853074164e-02 5.555758225625615637e-02
1.616313468528465802e-01 7.973555941714047246e-02 1.143018478775017083e-01 5.917866791746793226e-02 2.067319100446969871e-01 5.355914371679625086e-02 3.437761417263925784e-02 1.472293218420052119e-01 8.075862374079577355e-02 2.745787896670231001e-02 3.503808545140752601e-02
1.049394740941934634e-01 1.403427652863435404e-01 6.052272506319062578e-02 7.887234473390027090e-02 5.482733261616989234e-02 1.497856354649275967e-01 6.037716877021824524e-02 4.509500786622060858e-02 1.883074256183830675e-01 4.461299600545352850e-02 7.231712448099922308e-02
9.415267377058085529e-02 1.027529771610163067e-01 5.223730964428097839e-02 8.012899494610038753e-02 6.223729352660694464e-02 1.604304361742237561e-01 1.303626200161036586e-01 4.833892283376985122e-02 1.120492411292789703e-01 9.939173110843198267e-02 5.791779968960631547e-02
2.168336817866087507e-01 1.137430024156178970e-01 1.252702162833628230e-01 3.974243295330839865e-02 1.355458574874934263e-01 4.742837218409427791e-02 2.822765654876180710e-02 1.022444529361029725e-01 1.213416128072292433e-01 2.135968216545282294e-02 4.826303243196762571e-02
7.863779101447712638e-02 6.580782787721152494e-02 3.752823903086859730e-02 4.831831501047386540e-02 5.209957521367599570e-02 1.631410289575364880e-01 2.010480528108674059e-01 4.875429058393163789e-02 7.465588164366897261e-02 1.517614226126226540e-01 7.824757524466580128e-02
1.969076510504353672e-01 1.146505524248099817e-01 9.886673656537139920e-02 2.140742185367717348e-02 6.712787354773730453e-02 5.090368685652121861e-02 3.740945168573206470e-02 8.622362153362039816e-02 1.466793238054382442e-01 1.845383353252225134e-02 1.613698471441346038e-01
