1.176596351821575653e-01 1.167319683903402655e-01 8.247303954857268526e-02 1.225913032134055142e-01 9.167956174970857963e-02 1.348062805343011872e-01 5.183930874449201726e-02 6.135976036472737954e-02 1.323111931029037902e-01 4.591034185056867833e-02 4.263760731882228205e-02
1.028559417736140819e-01 1.420469245589508767e-01 5.870719222989809888e-02 6.662871320033460221e-02 5.056168460607120274e-02 1.483830000604865751e-01 6.338340864902253236e-02 4.391838814840968996e-02 1.988241076606633295e-01 4.479671793226446680e-02 7.989392118028451617e-02
2.076270707569577434e-01 1.386317755249893424e-01 1.189695966154915435e-01 3.282702641427241025e-02 9.709218190524557257e-02 5.558326150824528106e-02 2.806483859470256317e-02 7.491983390802531284e-02 1.683354363737077641e-01 1.884682524676958848e-02 5.910215315159288857e-02
5.935604897031174221e-02 4.759319791098617913e-02 2.623470466573117610e-02 2.778747727025411215e-02 4.397834254146538308e-02 1.594466199520931105e-01 2.935596954965260519e-01 4.131732421019256030e-02 5.126928926913148360e-02 1.657353737996455634e-01 8.372192591366260650e-02
2.543080681884071770e-01 6.060882019905218521e-02 7.457364180988944324e-02 2.577106724634208382e-02 1.450958709909148381e-01 3.461180415386116982e-02 2.713971676063405350e-02 2.333694052003233710e-01 7.255156174243451717e-02 1.749068079680245885e-02 5.447936291133877867e-02
1.754441327189283362e-01 9.586322805202612818e-02 1.464738779696576343e-01 4.809440412483648175e-02 1.940914457372368285e-01 4.631917138459888672e-02 3.117764032015343453e-02 1.087043561394299834e-01 9.298534977702384297e-02 2.159029569906159921e-02 3.925609807704683735e-02
2.927894407668963361e-01 9.362089407215157255e-02 8.777272746084505139e-02 2.069361878065003810e-02 1.107547157072651667e-01 3.758638171437712200e-02 2.485811791462212011e-02 1.325281645505051176e-01 1.066997945883719767e-01 1.565895059049492513e-02 7.703719385382054585e-02
9.582753797368843973e-02 1.038435745698801649e-01 5.391711882444528980e-02 9.879908082427765748e-02 7.079946216152289973e-02 1.607295381995177130e-01 1.066245321345316854e-01 5.500957201816938924e-02 1.139653053362246343e-01 9.385122594895839443e-02 4.663305200878371803e-02
5.654674614859173110e-02 4.583482826051211989e-02 2.876213214802767967e-02 4.129340815464075526e-02 5.105338496828696476e-02 1.492769597128308645e-01 2.588150852398720669e-01 4.550811397119282342e-02 4.504563558499749543e-02 2.348079264961207002e-01 4.305577931492667043e-02
2.301513340220898429e-01 1.001555905596349244e-01 1.035715052489312726e-01 3.570047383894300874e-02 1.311699146835526575e-01 4.456948504824929935e-02 3.057534005757325118e-02 1.393691438463128540e-01 1.107112937171473716e-01 2.234319343371427707e-02 5.168272554385136552e-02
1.717100434072573178e-01 7.450214622596632030e-02 9.279772235929360791e-02 5.414756237048144738e-02 2.005161610523240601e-01 5.521919508265083626e-02 3.465082674038080790e-02 1.743415850109160115e-01 7.977245422041891187e-02 2.835691782000583638e-02 3.398538571030485650e-02
1.704249513405377836e-01 1.145181470525995920e-01 8.819100004999057274e-02 8.176297380332785136e-02 1.326189853774259464e-01 8.711081041699283989e-02 4.251425982170418255e-02 8.617625511989822351e-02 1.140565358428420467e-01 2.912010321075808247e-02 5.350597796392287525e-02
1.961706029167334109e-01 1.149340794540775340e-01 9.807033870799984621e-02 2.277436981153072026e-02 6.651332646428996520e-02 5.369802363385442479e-02 3.775555891564323641e-02 8.366234492016415281e-02 1.494971451245532268e-01 1.801377820684791492e-02 1.589104318443055608e-01
8.188928882687004918e-02 7.602041273867625459e-02 3.995437333242003730e-02 4.779298432960848997e-02 5.356475422619146748e-02 1.575080270036602614e-01 1.902581636845846469e-01 4.674385016926390496e-02 8.403677879354906621e-02 1.428023025988415240e-01 7.942906429633431187e-02
