1.846596568048089193e-01 1.061023328686139938e-01 1.322217828647579974e-01 4.867050860792752204e-02 1.747247617384529716e-01 5.242626632235720952e-02 3.114379435537012811e-02 1.044090346915634848e-01 1.005317043563911938e-01 2.227565756992256826e-02 4.283449981983405985e-02
1.983256943204151634e-01 1.079990674205139750e-01 9.768494170814112643e-02 2.117878907699130911e-02 6.609578314161818069e-02 5.072175624639981006e-02 4.017416279472540985e-02 9.130396679626105738e-02 1.404650952956909005e-01 1.963238455764352089e-02 1.664183586415995397e-01
2.410357160612984218e-01 9.008783757502730749e-02 9.000593094415519635e-02 3.066951468835913894e-02 1.337767551146981371e-01 4.239391019041988812e-02 2.947123085480066532e-02 1.679555942382942035e-01 1.049465716874624782e-01 2.142291070664522484e-02 4.823402793883932449e-02
7.896364562624956507e-02 6.871838892374315666e-02 3.804642040376957079e-02 4.852640671498704289e-02 5.239093328634010505e-02 1.625650310754369887e-01 1.979883649114312638e-01 4.726539493864029967e-02 7.781222163139321635e-02 1.489026499238075285e-01 7.882054256420129024e-02
1.051841761451016710e-01 1.425753579115212055e-01 6.215434484032824475e-02 7.500542562648934708e-02 5.355325441202053033e-02 1.470367258646885777e-01 5.800482252457141857e-02 4.466901750860707843e-02 1.930697886041336797e-01 4.297908960259072542e-02 7.576799695994752837e-02
1.640880763347688787e-01 7.434355411963378124e-02 9.864248277402357101e-02 5.909784382540072406e-02 2.041408708370977265e-01 5.517672923265035806e-02 3.499210542291072285e-02 1.682658306586473640e-01 7.965592291873978270e-02 2.858671628276025431e-02 3.300986759336687476e-02
2.481160154364431825e-01 5.397061697636015842e-02 7.095311588985959983e-02 2.677079838666132292e-02 1.570842638726564766e-01 3.482651055118839156e-02 2.847610778738345755e-02 2.381766740286159478e-01 6.645125487495491534e-02 1.725584516696925669e-02 5.791879702890732895e-02
5.807336723497192460e-02 4.703714709322079357e-02 2.632369305018729053e-02 2.644482304116643756e-02 4.477842760083608487e-02 1.562882212610697819e-01 2.980633657966971772e-01 4.134563244327799786e-02 5.037724699820293056e-02 1.705106660517556605e-01 8.075740942861385496e-02
1.322963034342899413e-01 1.087943854491437573e-01 8.156406114751542369e-02 1.147726767026091138e-01 1.117794109745757630e-01 1.172333533897768482e-01 5.051629548640328843e-02 7.380198663929046776e-02 1.186178379188122661e-01 4.347498465543771923e-02 4.714870420214540420e-02
1.978739948277083993e-01 1.477318444244776208e-01 1.030286835203236828e-01 4.750008069697428392e-02 1.014161321608887667e-01 6.432590067373547549e-02 3.377373091959129381e-02 7.255863258240165259e-02 1.632517890754047185e-01 2.175910065494909493e-02 4.678011046354505625e-02
2.443998306901531414e-01 1.096051465542080827e-01 1.257178968582344514e-01 2.863862869431691577e-02 1.105649575734095752e-01 4.188551472275119092e-02 2.662382407295271758e-02 1.055667707493115753e-01 1.282022312704455269e-01 1.950555075252326936e-02 5.928964806169362278e-02
5.648619761307820814e-02 4.586513364030123108e-02 2.894862558855500895e-02 4.211963200123421125e-02 5.124404714746991218e-02 1.485873292926755407e-01 2.562799361585313962e-01 4.557768268939719342e-02 4.478830795431896356e-02 2.367072602218920074e-01 4.339584769254629243e-02
1.959779064983589447e-01 1.374278175362817211e-01 1.104418863209232632e-01 2.220361607754207586e-02 8.422203349918648552e-02 6.065120149131465743e-02 2.927892080047870757e-02 5.996912908250938423e-02 1.839539774226852664e-01 1.499403665728927387e-02 1.008794746134300951e-01
9.680985633954430902e-02 1.079933925008612350e-01 5.129139905814655148e-02 8.631289483162959963e-02 6.123588430630400731e-02 1.649633657809981280e-01 1.183320082716752125e-01 4.968950053107629161e-02 1.197284961538309794e-01 9.001704112601832675e-02 5.362616109991540786e-02
3.116447946764038801e-01 8.669374996519917109e-02 7.434031933147645932e-02 1.921142297541178490e-02 1.059094192319748051e-01 3.569950314443827433e-02 2.365051236316592642e-02 1.444429077800560013e-01 9.531912115306850897e-02 1.484797623809869585e-02 8.824027314070652384e-02
