7.584662971788175279e-02 6.284072570655953316e-02 3.571602208284792995e-02 4.418019102241099727e-02 5.047175790132903822e-02 1.717739911217008864e-01 2.117358606965007994e-01 4.894203019559603685e-02 7.286260485016750332e-02 1.479063861685699088e-01 7.772380053643561382e-02
1.824367085854127490e-01 9.881264058265019912e-02 1.424626495696294515e-01 4.099797092824421924e-02 1.989390316705085537e-01 4.626640686834498223e-02 3.085401280348122263e-02 1.076242990405455596e-01 9.087173647969537527e-02 2.105077457844940769e-02 3.968376889303819322e-02
1.652279838043514415e-01 1.083638367410445225e-01 9.176961541715802917e-02 8.445851633614825937e-02 1.343242655724712353e-01 8.706309711142409813e-02 4.445987090334763137e-02 8.972439711039585652e-02 1.109064322625948201e-01 3.261430396951839339e-02 5.108768077154572651e-02
1.143934054698151903e-01 1.192096939406846329e-01 7.430874356539883541e-02 1.221356958092028183e-01 8.671418696147066563e-02 1.412002182388220339e-01 5.646445057666370920e-02 5.951922337982587519e-02 1.321321543762651041e-01 5.104502765355588972e-02 4.287720002829526617e-02
1.028559417736140819e-01 1.420469245589508767e-01 5.870719222989809888e-02 6.662871320033460221e-02 5.056168460607120274e-02 1.483830000604865751e-01 6.338340864902253236e-02 4.391838814840968996e-02 1.988241076606633295e-01 4.479671793226446680e-02 7.989392118028451617e-02
2.373023776400786655e-01 1.111778733306598016e-01 1.283600628218996564e-01 3.023907373839311921e-02 1.183115593589120634e-01 4.177336632931823168e-02 2.623567752171547182e-02 1.057332941376255553e-01 1.276593192894418805e-01 1.997544025224673447e-02 5.323195557970894498e-02
2.538671673356074354e-01 5.195479905908914620e-02 6.929365328559412840e-02 2.705293676544376705e-02 1.684573015986457756e-01 3.440075107382375291e-02 2.822606199917100309e-02 2.398731511633850622e-01 6.378194908220476134e-02 1.784782981293781684e-02 4.524439882409739266e-02
1.969076510504353672e-01 1.146505524248099817e-01 9.886673656537139920e-02 2.140742185367717348e-02 6.712787354773730453e-02 5.090368685652121861e-02 3.740945168573206470e-02 8.622362153362039816e-02 1.466793238054382442e-01 1.845383353252225134e-02 1.613698471441346038e-01
5.648619761307820814e-02 4.586513364030123108e-02 2.894862558855500895e-02 4.211963200123421125e-02 5.124404714746991218e-02 1.485873292926755407e-01 2.562799361585313962e-01 4.557768268939719342e-02 4.478830795431896356e-02 2.367072602218920074e-01 4.339584769254629243e-02
1.451155278283351724e-01 6.906124257705210934e-02 1.006907486803688689e-01 7.329085467292972833e-02 2.137920942887313325e-01 5.774765856551204030e-02 3.633534146926174768e-02 1.669401737904679939e-01 7.633353071944502799e-02 3.145192198433029857e-02 2.924090542356576686e-02
2.089440258508152015e-01 8.437553256318232331e-02 9.184625197947880737e-02 3.817465139313674927e-02 1.706001701557259276e-01 4.698481914564639483e-02 3.184216364410557415e-02 1.704742960287007891e-01 9.273719407469552256e-02 2.378366865241722181e-02 4.023722651209557521e-02
5.803830031675219492e-02 4.688550437629052797e-02 2.661699007383094145e-02 2.660056375168040610e-02 4.505152120279307115e-02 1.548944280179797017e-01 2.994174125191426117e-01 4.147583590077053711e-02 4.879055019961314049e-02 1.729123323359553765e-01 7.931656130519140757e-02
9.086507213808055206e-02 9.827258038946955210e-02 5.144797548555080785e-02 7.123565019241991092e-02 6.169307067995578181e-02 1.536489339216904060e-01 1.394823072273329023e-01 4.703449060935831205e-02 1.074885476671947893e-01 1.122339051112661162e-01 6.659746657768089717e-02
2.482908881573620552e-01 8.289494380145724650e-02 8.886696559741869006e-02 2.479483451339090094e-02 1.162788604738439341e-01 3.945071294174107984e-02 2.687672162026041520e-02 1.793951262794653001e-01 1.024125800736131187e-01 1.786745858932472369e-02 7.287090795212256000e-02
3.093167353378816209e-01 9.513424353107123588e-02 7.840477089278488632e-02 2.247180251787486011e-02 1.040332513555565219e-01 3.686023524561581749e-02 2.549510174902022697e-02 1.321786961887256029e-01 1.009161218272908722e-01 1.567110929871595032e-02 7.951793205546245358e-02
1.975834875767014664e-01 1.459834991396414261e-01 1.084658914973374577e-01 3.677474557943932743e-02 9.476152441442881047e-02 6.276728495018339682e-02 3.109326956741391076e-02 6.781309385221737096e-02 1.739257890929989114e-01 1.883768590831115530e-02 6.199372842132676309e-02
