2.379868285662138927e-01 7.340754466101123699e-02 7.383296810323558557e-02 1.994876727683479734e-02 9.335600839977239995e-02 3.761420524080606731e-02 2.799822118382995148e-02 1.623712336767571263e-01 1.033878555156793333e-01 1.397493937625905562e-02 1.561214279996005483e-01
1.037748881088896707e-01 1.423258324859476842e-01 6.063523504551777965e-02 7.316639591036933066e-02 5.243709230430258078e-02 1.495478768667510006e-01 6.084093855592951489e-02 4.348641141520905723e-02 1.940463976717211880e-01 4.337350580900538322e-02 7.636542582635685861e-02
1.463608502139068512e-01 7.700196476508648635e-02 9.620684205752334794e-02 7.187336329610004293e-02 1.959134121065677081e-01 6.447221463634821015e-02 4.010014091308312240e-02 1.511644193091086497e-01 8.510362704816275270e-02 3.220251121618759871e-02 3.960065443792528533e-02
2.032480074708122586e-01 6.803696059942850038e-02 8.533369047781795558e-02 3.555999191316285696e-02 1.959032928468633639e-01 4.357328407969646156e-02 3.018257970561855075e-02 2.099812522805178105e-01 7.227094287331672917e-02 2.299416875616206932e-02 3.291582899660353695e-02
5.660412952079948989e-02 4.713926706573505487e-02 2.909730114318714866e-02 4.218602398764653011e-02 5.061879676910952669e-02 1.497344758894351147e-01 2.401337190924665854e-01 4.554610261593561304e-02 4.676683230834142307e-02 2.444884282916460205e-01 4.768492331569740283e-02
1.919619323708757763e-01 1.177242016465694652e-01 1.151212106962566789e-01 5.907706387260229508e-02 1.441680338518689930e-01 6.102549777931808028e-02 3.091301079262260415e-02 9.858385809058353710e-02 1.135998703618784078e-01 2.328502704716678764e-02 4.454029349025746126e-02
1.958383493645125817e-01 1.495852758025296436e-01 1.091307756183718808e-01 3.816258283462423823e-02 9.823431534020131417e-02 6.378031585918335356e-02 3.310005510219737185e-02 6.817789619256618694e-02 1.677509245848890496e-01 1.999641169463342583e-02 5.624309760629094684e-02
1.755449791257249481e-01 1.256455022505775232e-01 1.025775445487809023e-01 2.376156538216155772e-02 6.245119628611633250e-02 5.965051060613450057e-02 4.050533005850333323e-02 6.882587036686510507e-02 1.728890001624825146e-01 1.960134184797466053e-02 1.485471593646785771e-01
2.726177931842355684e-01 1.202650595705819642e-01 1.058595976051618648e-01 1.618882136499467592e-02 7.303853637696593182e-02 3.995142128262303000e-02 2.456818320062153019e-02 9.393341167310144402e-02 1.289467840690322886e-01 1.346487052133448284e-02 1.111655211513472019e-01
2.495699954267073806e-01 7.960851795297523015e-02 8.732112093661341390e-02 2.744680721133726381e-02 1.351075260639944542e-01 3.891873571366335355e-02 2.839420729953401334e-02 1.877429055892785026e-01 9.516174213131434190e-02 1.965425267448502045e-02 5.107418900009692841e-02
1.289220296300417623e-01 1.094728397364774092e-01 8.173755269804933166e-02 1.153770756780662654e-01 1.089092754081544823e-01 1.214499296412385881e-01 5.172160002741377216e-02 7.124211393588193719e-02 1.206923790455351891e-01 4.498381976917766728e-02 4.549138442996358833e-02
9.755732097101173228e-02 1.056737524347997476e-01 5.456875520048016376e-02 1.024272325880408591e-01 6.512769701947739021e-02 1.652309161288831596e-01 1.034303762781226543e-01 5.279677048524161753e-02 1.169021547350942714e-01 8.906598269052622141e-02 4.721904146832221066e-02
1.817439146900739766e-01 9.309295978007665895e-02 1.433335722482107777e-01 4.324979969296185306e-02 2.116055337743088516e-01 4.120338881379051466e-02 2.903784120083459375e-02 1.129519445871540739e-01 8.658021959822938263e-02 2.026758951425063071e-02 3.693323610010861707e-02
5.646393974192902288e-02 4.517312231269603184e-02 2.723085832323512631e-02 3.144609649856411338e-02 4.709358200371370484e-02 1.517270224005795864e-01 3.019607359663731838e-01 4.261053409148945342e-02 4.436558583401348926e-02 1.922222128574450073e-01 5.970630996996128398e-02
2.420047637964967691e-01 1.047009230683356579e-01 1.204845574424773247e-01 3.168664792979394157e-02 1.118173351306864655e-01 4.364571679112302233e-02 2.780166915633635466e-02 1.104738768448214337e-01 1.306856957940544239e-01 2.059114139130782326e-02 5.610767265456681474e-02
3.259019997297519233e-01 8.412539152175221857e-02 7.014190733651151644e-02 2.289392827826573426e-02 1.141715743674770328e-01 3.570324267955670566e-02 2.478775483598917584e-02 1.424235769330968460e-01 9.065503358881207840e-02 1.570187824347193950e-02 7.349371248531488821e-02
7.826143617946935971e-02 7.006686603987594131e-02 3.655534917107381571e-02 4.433615483794319662e-02 5.146524166970741637e-02 1.610192670328763898e-01 2.060426730586212563e-01 4.587601545848232071e-02 7.931293882102655179e-02 1.430793945516944665e-01 8.398466317922928526e-02
