2.150902843108104256e-01 8.211111353214732567e-02 9.346220854675310608e-02 3.416665389662505020e-02 1.685094072609137350e-01 4.530046336231536436e-02 3.147275506235078929e-02 1.742605654040412788e-01 9.131975141828972686e-02 2.289508624466815231e-02 4.141171096108509780e-02
6.910797547838599952e-02 5.658972426426414626e-02 3.148085233575575320e-02 4.416403405773774299e-02 5.286000265592503272e-02 1.910311251014505940e-01 2.182935667065364072e-01 4.683458236176065576e-02 6.743193064827308902e-02 1.565438920693588976e-01 6.566231432055165407e-02
2.764434221098566735e-01 1.012568043488673436e-01 9.184374879048375073e-02 2.786883447896447777e-02 1.047966659536904016e-01 4.199245944052513307e-02 2.720696644812801643e-02 1.220543316700645614e-01 1.173420049371249052e-01 1.756811096873752559e-02 7.162665085355721106e-02
1.117016739450241991e-01 1.451260119650949476e-01 6.196407172843493988e-02 5.773502602795347466e-02 5.185079866247022801e-02 1.318017208531285789e-01 5.656876210755415468e-02 4.540768621267475547e-02 2.100078642519955241e-01 3.910961684256684945e-02 8.872676740310234123e-02
2.693764471779273029e-01 7.150277575958013943e-02 8.096175638597047364e-02 2.012905721527395372e-02 1.224061803675154381e-01 3.427941892767896737e-02 2.529521743789922908e-02 1.996064275745475236e-01 8.811489428593451134e-02 1.633856264997610511e-02 7.198926221769642864e-02
5.636921915426817975e-02 4.527595798304440144e-02 2.720899639972891235e-02 3.773738616389301498e-02 4.855858083841238515e-02 1.533511554129272370e-01 3.002735000310876590e-01 4.521185965863297462e-02 4.177760293246115392e-02 2.039915652696968895e-01 4.024417615584720970e-02
1.961706029167334109e-01 1.149340794540775340e-01 9.807033870799984621e-02 2.277436981153072026e-02 6.651332646428996520e-02 5.369802363385442479e-02 3.775555891564323641e-02 8.366234492016415281e-02 1.494971451245532268e-01 1.801377820684791492e-02 1.589104318443055608e-01
2.118714274785430951e-01 5.449553271202859511e-02 7.261404112435421165e-02 3.468177987363819242e-02 1.979675415668596672e-01 4.051415694333519030e-02 3.010694112896179081e-02 2.527107716000894788e-01 5.741462220383607151e-02 2.303050509853834041e-02 2.459268026981534933e-02
6.055756404320412206e-02 4.737916766130179091e-02 2.779151074505480101e-02 2.281141448306195710e-02 4.384940102565849929e-02 1.480461433234158963e-01 2.887638161067353493e-01 3.965223387349472994e-02 5.617127181179520229e-02 1.592637717020656540e-01 1.057137052242119180e-01
9.834208079401034197e-02 1.189116660506204792e-01 5.805349514688289830e-02 1.060269519889698309e-01 6.217497481351361155e-02 1.669635930910622068e-01 8.347304763801256799e-02 4.907397858854274653e-02 1.396908866453727416e-01 6.889207145849290947e-02 4.839725378451963794e-02
1.306837673162479507e-01 1.096734089753012287e-01 8.144317697335254347e-02 1.139996251298198288e-01 1.116405005010873003e-01 1.185065405024054858e-01 4.979763963919383446e-02 7.277892932469935683e-02 1.199739455472660088e-01 4.501555032119835403e-02 4.648691576942806658e-02
2.193719609650780500e-01 1.081916717827065832e-01 1.416086237866134023e-01 3.178610463892231341e-02 1.438472816867963078e-01 4.066802689374135471e-02 2.710071971159962526e-02 1.061244290278210017e-01 1.159228171856005879e-01 2.052963066800554334e-02 4.484873365311535520e-02
5.660412952079948989e-02 4.713926706573505487e-02 2.909730114318714866e-02 4.218602398764653011e-02 5.061879676910952669e-02 1.497344758894351147e-01 2.401337190924665854e-01 4.554610261593561304e-02 4.676683230834142307e-02 2.444884282916460205e-01 4.768492331569740283e-02
1.483814419608685542e-01 7.679554357481307991e-02 9.259156596239058457e-02 7.564463602194848590e-02 1.928246994593888763e-01 6.616158510089226175e-02 3.976987758272564066e-02 1.598568687178451853e-01 8.056240529695178620e-02 3.449434995014047378e-02 3.291702637203502979e-02
1.766954062496494948e-01 1.138876431114656945e-01 1.009270194528721631e-01 7.092745882578337102e-02 1.430227479899978671e-01 7.244177845774664448e-02 3.798072842902138618e-02 9.665290410945295840e-02 1.107692794745371440e-01 2.636663065442986648e-02 5.032840324504348622e-02
9.193249445476049664e-02 8.924897039565175827e-02 4.746316673706317546e-02 5.276394278572558993e-02 5.402095587665287080e-02 1.429686418229776934e-01 1.708466435661142868e-01 4.612974804461152101e-02 9.502143854436657933e-02 1.289433803604285445e-01 8.066061741164752552e-02
1.682598332844660038e-01 8.623161742059060053e-02 1.401540022980989064e-01 5.097937069802941507e-02 2.295328743103327573e-01 4.100993312744597580e-02 2.995785992370714190e-02 1.172429128899721146e-01 7.914816882641752260e-02 2.095273532874327924e-02 3.653069189219625146e-02
2.021675607973247579e-01 1.426813024368016047e-01 1.133779943982005239e-01 3.574255358404178351e-02 9.757052924770008573e-02 5.925239092827195436e-02 2.975179966718778657e-02 7.284771819722753172e-02 1.684147440639045812e-01 1.916009567627634594e-02 5.903331100306302703e-02
