2.229807687472616096e-01 1.143079430589885870e-01 1.301957732515585664e-01 3.697002826283088406e-02 1.361223239639233751e-01 4.455214592980696886e-02 2.912082989324723745e-02 1.097817831229002117e-01 1.127062185401336847e-01 2.208262358408528969e-02 4.117956164526367924e-02
1.557902487638682387e-01 1.128444741142814872e-01 8.817287460244702113e-02 9.468729137328220358e-02 1.264367564939293531e-01 9.741372889289072468e-02 4.329836664520714251e-02 7.968097042749852643e-02 1.190407146999457183e-01 3.264547051794459975e-02 4.998910346870498456e-02
5.595626969187660754e-02 4.483852064214520483e-02 2.883475138391244225e-02 4.139983455550207136e-02 5.197191896389163901e-02 1.432633611621499659e-01 2.753668244584244196e-01 4.608702354618461616e-02 4.330642645380200495e-02 2.329554212041911321e-01 3.601964793791983394e-02
2.557758857307601552e-01 4.989684725046468483e-02 6.959807946203196150e-02 2.778814373841877530e-02 1.664352562590579454e-01 3.377045949103187755e-02 2.767118484925796748e-02 2.415740858132100488e-01 6.410597511868126874e-02 1.734954397371666485e-02 4.603453831336862950e-02
1.023318441466028461e-01 1.063827958786046635e-01 6.166168831209851292e-02 1.166688441287392353e-01 7.741768957947763041e-02 1.527985192929245117e-01 8.493112409392473972e-02 5.960491677354291806e-02 1.165032740584989179e-01 7.724526258124606026e-02 4.445404115433995024e-02
2.398053356670377667e-01 8.681944738865883526e-02 9.041795732589189005e-02 2.806731176702727606e-02 1.286844596201631163e-01 3.984522084762531779e-02 2.888151221568068666e-02 1.821618554786696709e-01 1.015629872972063225e-01 2.120629673126685905e-02 5.254761566077229690e-02
2.126266050510247363e-01 1.272382154135159038e-01 1.253913887794076421e-01 3.404528364998978679e-02 1.071468275015250021e-01 5.363315820747449614e-02 2.659827143024922833e-02 8.103562412414801186e-02 1.566343460069181959e-01 1.918921270205160498e-02 5.646106713369535707e-02
1.801389335191326546e-01 9.865469742923492491e-02 1.431754896971001723e-01 4.318351926097985932e-02 1.985354776780343389e-01 4.689146363158947645e-02 3.072138320738019429e-02 1.075463013951514779e-01 8.931397701407495227e-02 2.114606518858777595e-02 4.069269197873411070e-02
3.143747147883144688e-01 8.084873513412543788e-02 7.177305323121095648e-02 2.034840487393370367e-02 1.142764318561496906e-01 3.601944786228786222e-02 2.366614713636224637e-02 1.486237732977138404e-01 9.034727821143453963e-02 1.498844427810452386e-02 8.473356933036274574e-02
1.916628398902698038e-01 7.539437705845174198e-02 8.924992880632227898e-02 3.923249624824771964e-02 1.955627317993068326e-01 4.795242720573567735e-02 3.209545972308479322e-02 1.874167740950747896e-01 7.931825295561183153e-02 2.566381019732782640e-02 3.645090202056672224e-02
1.053599438013821249e-01 1.409035125255503895e-01 6.203900896833488415e-02 7.537856465689678209e-02 5.461036870290333217e-02 1.478763504354321245e-01 5.943227002352800825e-02 4.493268905151393683e-02 1.917113384629973161e-01 4.288251504493259536e-02 7.487343832652855469e-02
1.394541553362509678e-01 7.275608704394734283e-02 1.058651349372227157e-01 7.791563571701906610e-02 2.105009847102312648e-01 6.177912473296810064e-02 3.803842788636657007e-02 1.510883402967397870e-01 8.045904284621972768e-02 3.113889921153736862e-02 3.100416728149702969e-02
2.501550624759899533e-01 9.587202980836934119e-02 9.777712309576273852e-02 3.326687357225108221e-02 1.098334504073765205e-01 4.680395977610599112e-02 3.063974792805664385e-02 1.226902491806981105e-01 1.223747138505807547e-01 1.865363031441256980e-02 7.193315959039631169e-02
1.855666154316546745e-01 1.524939938089710789e-01 9.265333319160344583e-02 3.565694753817480467e-02 7.542243078187138572e-02 7.217870477737255153e-02 3.668481510566910103e-02 5.938435041288168265e-02 1.895313310208116830e-01 1.912809432752616765e-02 8.129938360346340709e-02
5.992802844240433663e-02 4.800695078132748844e-02 2.605254464273238854e-02 2.762906684968757798e-02 4.361760072940443905e-02 1.604038275344426001e-01 2.914048888476531984e-01 4.118663876051521094e-02 5.216348499416994383e-02 1.639073035251455424e-01 8.569966489251719388e-02
2.722764941887203527e-01 1.272335539327702769e-01 9.927287338213490464e-02 1.552962426908308276e-02 6.885607731009392440e-02 3.965661697797438767e-02 2.494281463500711699e-02 1.025850818877721282e-01 1.327006758152886323e-01 1.278796125481559791e-02 1.041582263463395469e-01
1.874115331399233697e-01 1.056378293538372121e-01 1.134143206409538307e-01 1.750132699656439458e-02 7.167535879073411165e-02 3.686234844186084270e-02 3.522444215911191973e-02 8.648008554182964880e-02 1.466262464767650042e-01 1.970180579245054894e-02 1.794647026659690892e-01
8.637854759238036695e-02 8.119656218304026341e-02 4.437998017010363200e-02 4.765008067868817948e-02 5.278742982334781730e-02 1.576092585748147812e-01 1.854229241723437671e-01 4.543374354175419572e-02 9.095869967621010577e-02 1.303099097877553070e-01 7.787286379956158411e-02
6.044580238420819290e-02 5.005512527994883387e-02 2.944694620531233473e-02 4.586043864065672548e-02 5.196855493294055134e-02 1.647304497882545737e-01 2.112374407047565017e-01 4.693233770060333682e-02 5.106605028898494880e-02 2.225386238753842560e-01 6.571823019894974804e-02
