5.660412952079948989e-02 4.713926706573505487e-02 2.909730114318714866e-02 4.218602398764653011e-02 5.061879676910952669e-02 1.497344758894351147e-01 2.401337190924665854e-01 4.554610261593561304e-02 4.676683230834142307e-02 2.444884282916460205e-01 4.768492331569740283e-02
1.695643672485535047e-01 1.130597572526168548e-01 1.074870640432567248e-01 6.654532763311131471e-02 1.597000852093557743e-01 6.769360466022442124e-02 3.598752711927845349e-02 1.048876338198872216e-01 1.020993366263092533e-01 2.547989714880625339e-02 4.749539923860025825e-02
2.575729124080376464e-01 6.854202647929769077e-02 7.073190103574665544e-02 1.673620709628407741e-02 9.888277067264490683e-02 3.210627073506641671e-02 2.499076909133318702e-02 1.948285453572661252e-01 8.862302479158254420e-02 1.145883257192946772e-02 1.355267397608111990e-01
1.715467296978296641e-01 1.242814004067202271e-01 9.461018764208488363e-02 2.631785733437008723e-02 5.741234338925815112e-02 6.640440920742249342e-02 4.435297362280209155e-02 6.545132225368006929e-02 1.792197151561979174e-01 1.996106935259814655e-02 1.504419919370362235e-01
8.751705467457082666e-02 8.085537101051369635e-02 4.158876247167424267e-02 5.153331294879807956e-02 5.507933805926457094e-02 1.419966614671684113e-01 1.748571144666361543e-01 4.845635769551828037e-02 8.627076535804542590e-02 1.487569097792682260e-01 8.308835206854203737e-02
2.247854115469607450e-01 1.152493457928396026e-01 1.405942316448516582e-01 3.205553258463989669e-02 1.295579430594790693e-01 4.270282955737633723e-02 2.803611832340389270e-02 1.010620089560250456e-01 1.212865601743682020e-01 2.097846864266339484e-02 4.369154971739229454e-02
1.950724084233978195e-01 8.921026059340940451e-02 1.351777382417489737e-01 3.188526447203813424e-02 2.030829368532356127e-01 4.442806224884553873e-02 2.915351715506175195e-02 1.304377454937956093e-01 8.282928515636263367e-02 2.069116749765973623e-02 3.803161386444469522e-02
3.121396274562886486e-01 9.467877550259178043e-02 7.920425927408526745e-02 2.178683090960951974e-02 1.068263189064031227e-01 3.672086323979160960e-02 2.534272891157515056e-02 1.265756300178660920e-01 1.008310873610396979e-01 1.584160832642430780e-02 8.005227009432475116e-02
5.610944749833807199e-02 4.550579113922067348e-02 2.731058573707713724e-02 3.687953218947615658e-02 4.903669416164889439e-02 1.536843126388508229e-01 2.996600813976727506e-01 4.485422038450447707e-02 4.204418558508186965e-02 2.029329927036396808e-01 4.198215656448946176e-02
2.375941158519166152e-01 1.048667383613143822e-01 9.130843023023364757e-02 3.843159051986873992e-02 1.061662341946179866e-01 4.737007817750907290e-02 2.902401403886340978e-02 1.192631087477561552e-01 1.445574014287075160e-01 2.088750204626026175e-02 6.053078640295222329e-02
6.868217381800012511e-02 6.064786366610000479e-02 3.239763405545926372e-02 4.126577101047278207e-02 5.087251323131404546e-02 2.028382916533818525e-01 2.293876591475621229e-01 4.266451362310125922e-02 7.789906878178813610e-02 1.348827658284152964e-01 5.846174518440509088e-02
9.899183621659141119e-02 1.076459614532991466e-01 5.918920329092777766e-02 1.086947299775375131e-01 6.697567118929022290e-02 1.651797956150075908e-01 9.721490072135154092e-02 5.321783223137717400e-02 1.170514968096629527e-01 7.969404400796548105e-02 4.614452848698924470e-02
6.122783390088541028e-02 4.720106384378264242e-02 2.768799128779489763e-02 2.297077932645525192e-02 4.283001200583821250e-02 1.471912749942742848e-01 2.888180081598742954e-01 3.976603099473985381e-02 5.681855865657518129e-02 1.575811758273166219e-01 1.079072710024633203e-01
1.488826870576610839e-01 7.046604803282144336e-02 1.009044438911544245e-01 7.325167193641926588e-02 2.066478543375741272e-01 5.743994632666532540e-02 3.645786187962093972e-02 1.590281812534468653e-01 8.216950856988998464e-02 3.174566502566825849e-02 3.300613168907834405e-02
1.913717662195094371e-01 1.577398792701766306e-01 1.019718525792849134e-01 4.465546790726911131e-02 9.247221028733546011e-02 7.182322189383767708e-02 3.575322012563238172e-02 6.227086738296372381e-02 1.672601433748540922e-01 2.142276567841524398e-02 5.325860528072128702e-02
1.328829816230945315e-01 1.089625557841334691e-01 8.353598308549087248e-02 1.153885086647550712e-01 1.136152403202137368e-01 1.153661564295460629e-01 4.898630694487273590e-02 7.264280831390511339e-02 1.185499534901472418e-01 4.421279577284432938e-02 4.585670957099679396e-02
2.296463035830885735e-01 1.159693507633674514e-01 1.247433447438817122e-01 1.727670727692282027e-02 9.206012601673917162e-02 4.185399770515448731e-02 2.478281624821762619e-02 8.229316653447901753e-02 1.440688669311122050e-01 1.489092503585573782e-02 1.124143951611812492e-01
2.458646117653409124e-01 8.085467823142118704e-02 8.901692343828522536e-02 2.797782279743171729e-02 1.403727149206821789e-01 3.967121825890196352e-02 2.852007438566165828e-02 1.848919814533002137e-01 9.486371835908972983e-02 1.985392371401745529e-02 4.811233267586772361e-02
2.081902002441810839e-01 5.913107646868413086e-02 7.468138704257112903e-02 3.475065083228143920e-02 1.991852534456202417e-01 4.017403209791731850e-02 2.982938905963456247e-02 2.401322408938603992e-01 6.572174353704474115e-02 2.281114363268760617e-02 2.539288274551731311e-02
1.051515836149822941e-01 1.416689341287071524e-01 6.120936986563870613e-02 7.360439743902921772e-02 5.301951888416200215e-02 1.494017350924527754e-01 6.043163766885046445e-02 4.454962655238699915e-02 1.921014969723999766e-01 4.319512051309871287e-02 7.566657926829171987e-02
