2.159661597112587095e-01 1.110331054322269972e-01 1.516640230400980727e-01 2.869420432183866082e-02 1.189886523511442806e-01 4.237308108966786335e-02 2.564696219120284754e-02 9.280535714740346942e-02 1.412706818431279931e-01 1.893730342092529023e-02 5.262046945110586404e-02
1.002008414619078858e-01 1.424573237219139421e-01 5.711860060313488086e-02 6.220100467014937767e-02 5.016860747865203168e-02 1.483594949056095680e-01 6.567844289504706778e-02 4.448199388426540835e-02 2.007288723561274635e-01 4.589814088715892665e-02 8.270667713603338522e-02
2.391556790484828388e-01 1.041773149466963810e-01 1.010554060811240801e-01 3.808073379310499690e-02 1.226240025609249135e-01 4.703891552503462054e-02 2.970639359884608838e-02 1.181767178041641525e-01 1.221916206618483269e-01 2.103110022654192113e-02 5.676211575323172887e-02
9.930079080871827280e-02 1.055527666755519955e-01 5.567725038188895553e-02 1.083657028821814056e-01 7.101231033693598815e-02 1.608054582065088778e-01 9.623330181736169942e-02 5.547325953544181287e-02 1.136552808871702652e-01 8.485693745760632123e-02 4.906694101063448915e-02
2.527865778586543821e-01 5.187333434263016047e-02 6.740808868427171363e-02 2.631367063708834123e-02 1.705609298879881830e-01 3.482898958547699098e-02 2.872297280649081103e-02 2.422315617274843347e-01 6.291828846285792143e-02 1.806158231502648717e-02 4.429400369203071591e-02
2.416699734579282610e-01 7.168169213974559528e-02 7.208175715312194198e-02 1.533501834202682761e-02 9.375693949905539171e-02 3.494073358539740576e-02 2.493373910134820057e-02 1.653636671283185700e-01 1.038724873993523146e-01 1.303238988401717209e-02 1.633316023096882952e-01
1.852578992843355310e-01 1.221594231714577261e-01 1.174354571894279942e-01 1.640854701292611406e-02 6.140693165635466300e-02 4.081377091223184483e-02 3.508876836547284578e-02 7.534876405975456104e-02 1.574884869979434054e-01 1.884457999194833269e-02 1.697473713581469645e-01
1.161114771946026025e-01 1.296975537935164957e-01 8.364046270530330063e-02 1.171608708846579444e-01 8.651856535724085362e-02 1.396539014068368945e-01 4.610629005151431481e-02 5.402046055602292146e-02 1.479926463573627560e-01 3.592159567956264288e-02 4.317617601337928046e-02
1.567827059301727388e-01 1.024721013675236742e-01 8.453432698566001879e-02 9.482909563036126532e-02 1.283881049230648497e-01 9.670511278682117351e-02 4.775222199618471552e-02 8.768631068386667504e-02 1.102883142730118199e-01 3.813832234414830935e-02 5.242338307918477380e-02
1.906423014192572818e-01 1.546997482611904007e-01 1.142158092119995860e-01 5.036248024614701363e-02 1.147521391143764696e-01 7.002555010099763277e-02 3.316848932583921217e-02 6.940224708044277768e-02 1.361902049355753208e-01 2.274003903129213217e-02 4.380099127288214489e-02
6.116750122155356628e-02 4.844450284522467537e-02 2.669659423095888107e-02 2.804302315819729233e-02 4.318103541068965545e-02 1.591216154177169384e-01 2.895358308980440221e-01 4.138775511959416620e-02 5.321665930276247430e-02 1.621768740148102073e-01 8.702860838044802760e-02
1.871235600648627484e-01 8.209894343076815093e-02 8.922977812773115469e-02 4.483031331313813012e-02 1.826749987945819054e-01 5.452950739379505696e-02 3.526783964870199711e-02 1.726255925179498163e-01 8.631550034449632369e-02 2.758839606303831182e-02 3.771557030093646012e-02
1.743008340729140515e-01 1.256455865045712217e-01 7.818593725100994596e-02 3.710131593649349663e-02 7.528893979507012002e-02 9.538786543272601004e-02 5.135331521319981551e-02 6.100869575426688673e-02 1.583562367354927891e-01 2.125691531439340490e-02 1.221143579898622544e-01
1.775517067483392553e-01 9.698029677100232504e-02 1.450655638285689997e-01 4.597495714525134253e-02 1.962671570332690796e-01 4.650649843242488091e-02 3.103309526971441759e-02 1.102406706379712997e-01 8.895563185269438067e-02 2.135581191044060370e-02 4.006861037032332512e-02
5.625113971898002690e-02 4.561317265001567367e-02 2.880962509221841536e-02 4.101162269145915834e-02 5.108829980401782128e-02 1.489384993084086617e-01 2.612238041878929273e-01 4.547425613066650302e-02 4.463583992809034423e-02 2.340357283137500244e-01 4.291801217450039868e-02
1.392352470234446138e-01 6.409553614108008668e-02 1.032190886982343597e-01 7.563688010967303810e-02 2.320938694508580258e-01 5.328615110926425424e-02 3.295612857455106071e-02 1.670573380448872880e-01 7.343042089491030877e-02 2.871466472937861739e-02 3.027467522371827396e-02
2.456839874299253101e-01 8.631027111087531678e-02 9.300972856075567785e-02 2.705352042723820766e-02 1.290520247451853730e-01 3.901545130793376143e-02 2.824081132047577200e-02 1.817397385921095676e-01 1.008713523588866123e-01 2.079699991921485358e-02 4.822611422739954412e-02
1.969691382196455676e-01 1.505937668373490690e-01 9.766036224143243016e-02 3.354553593542632106e-02 7.787020844199317449e-02 5.819058094701300143e-02 2.967833720573854334e-02 6.860488356618812955e-02 2.063497330967737076e-01 1.762401204141374536e-02 6.291344146702630702e-02
3.259019997297519233e-01 8.412539152175221857e-02 7.014190733651151644e-02 2.289392827826573426e-02 1.141715743674770328e-01 3.570324267955670566e-02 2.478775483598917584e-02 1.424235769330968460e-01 9.065503358881207840e-02 1.570187824347193950e-02 7.349371248531488821e-02
2.728342466087111950e-01 1.204489060525769373e-01 1.084602269248770290e-01 1.758808798981096461e-02 8.066844745612662682e-02 3.939536991837595120e-02 2.542466675751947972e-02 9.556412056233708208e-02 1.274501383250121467e-01 1.327451991754763361e-02 9.889126948710492970e-02
8.233865427760282685e-02 7.692337222527104168e-02 4.015290202903158689e-02 4.896926049191903385e-02 5.494493927509876141e-02 1.580975737507484824e-01 1.854331457546749551e-01 4.689811805022459090e-02 8.667192404567848618e-02 1.436025491060018699e-01 7.596756099374836479e-02
