9.193249445476049664e-02 8.924897039565175827e-02 4.746316673706317546e-02 5.276394278572558993e-02 5.402095587665287080e-02 1.429686418229776934e-01 1.708466435661142868e-01 4.612974804461152101e-02 9.502143854436657933e-02 1.289433803604285445e-01 8.066061741164752552e-02
2.379028037339141755e-01 7.504375957360423510e-02 7.106756395822787231e-02 2.138663898851483197e-02 9.432677019084596826e-02 3.844324717865713753e-02 2.838118221711012287e-02 1.720979205781928145e-01 9.958344510595436294e-02 1.287209494744102553e-02 1.488945735275374604e-01
5.835228470295333175e-02 4.835080761656664061e-02 2.939683013743295270e-02 4.481796670379788877e-02 5.201477472958446202e-02 1.518328550475567806e-01 2.325281860976492476e-01 4.687685751099612136e-02 4.832467903292329142e-02 2.360514612739972873e-01 5.145329714654199582e-02
6.851074089673872547e-02 5.346079887042571449e-02 3.007360212991631518e-02 3.307150649517213298e-02 4.727364025524700974e-02 1.832305493030073895e-01 2.463273713810187893e-01 4.331827023153147355e-02 6.941739989008027800e-02 1.411031552521273269e-01 8.421296529473483450e-02
2.854643299741562723e-01 1.150772257465348114e-01 1.002536971710893676e-01 2.951191052151984004e-02 1.009202855121956316e-01 4.105208189598107127e-02 2.540454669832493267e-02 1.203362015196157014e-01 1.248745215658356028e-01 1.872466862388796893e-02 3.838053077085894910e-02
1.884043701191130127e-01 1.451343279060867408e-01 9.258724576751760360e-02 3.920077295673358997e-02 8.052581037800224384e-02 7.316539263615350064e-02 3.649614894410568161e-02 6.678965786679884331e-02 1.856544624469619320e-01 1.935018351377347859e-02 7.269162746475334169e-02
8.735481680647677605e-02 1.157238024077169580e-01 4.933483415770178321e-02 9.562707844475477892e-02 5.735494308387742435e-02 1.748260459919406262e-01 9.674757239947268106e-02 4.758891792940009996e-02 1.513752359369774647e-01 7.940760256041555498e-02 4.465915028126582476e-02
1.514444026049761582e-01 8.757785877077323144e-02 7.769942588179880316e-02 7.266438732449365112e-02 1.767330892591379987e-01 8.704556361133519715e-02 4.706999414345464788e-02 1.387733155246091143e-01 8.597408695754132912e-02 3.542238086452402512e-02 3.959549505735578123e-02
2.024419127534634322e-01 7.816926227278912787e-02 9.200722592825977264e-02 3.817041350026827151e-02 1.797437882521068786e-01 4.721613911477175879e-02 3.196010646475391098e-02 1.768605208336614110e-01 8.630822869252932628e-02 2.405142939825900480e-02 4.307097278913715743e-02
2.571502086822685107e-01 9.039482409461835344e-02 8.695591993834961286e-02 2.404661372621024265e-02 1.264888124524221336e-01 3.676520568123555627e-02 2.533701567205122115e-02 1.813435556943767679e-01 1.079463898240884817e-01 2.149905299116505047e-02 4.207240124321404151e-02
1.885946638619337978e-01 1.198595465933560283e-01 9.614759204363340639e-02 7.250726255421167943e-02 1.348916471971103870e-01 6.796572144755572142e-02 3.608935889650719681e-02 9.267683086102146417e-02 1.204199567570605894e-01 2.728248809969354566e-02 4.356493168791625292e-02
2.071688486245664151e-01 5.572670963654003523e-02 7.489527748705933352e-02 3.005186519162856423e-02 1.960776770728582807e-01 4.192733179496947737e-02 2.991143758334830968e-02 2.592705607728612027e-01 5.789631904620507613e-02 2.314415867951224309e-02 2.392981411045106213e-02
2.148624482250760526e-01 1.287699540867132397e-01 1.428969449739717068e-01 2.927671897988369867e-02 1.109885817577562217e-01 4.689545523901314517e-02 2.542132035998866113e-02 7.802095572568183701e-02 1.468151792968220848e-01 1.788691629641341735e-02 5.816552505867992467e-02
1.361589841223086184e-01 6.097239813991198881e-02 1.072422285035923573e-01 7.680390876512842302e-02 2.390092820061416323e-01 4.609365604092641178e-02 3.302041842773218577e-02 1.664474773758525539e-01 7.393934051109868344e-02 2.883933050725982078e-02 3.147297560004733846e-02
1.274768219302145622e-01 1.082871291697130034e-01 7.798416966052570953e-02 1.162280138189199785e-01 1.051838327057748601e-01 1.266521838772893260e-01 5.742211552781376072e-02 7.017111917959535650e-02 1.118920828033071330e-01 5.151971404275334371e-02 4.718281728409290388e-02
2.366137253655829220e-01 1.025075429767726559e-01 1.139493614616870626e-01 3.167301854705088793e-02 1.281158876729477925e-01 4.289489677137268281e-02 2.938601915660805225e-02 1.225648594904429900e-01 1.134638285301729083e-01 1.973717325782986878e-02 5.909368676953220129e-02
1.086540023864358551e-01 1.428289720093073867e-01 6.492675558052714291e-02 7.513415317017629880e-02 5.682415383685660709e-02 1.398170191314630773e-01 5.495260578299093757e-02 4.561203675061870078e-02 1.936075857467979833e-01 3.909878825814090686e-02 7.854392734668508291e-02
1.779005925444763769e-01 9.693262102447383621e-02 1.448880951039827059e-01 4.534547965616187587e-02 1.941869083805111418e-01 4.703732682276447891e-02 3.134827176158008766e-02 1.101940077823534841e-01 9.095150734690431171e-02 2.152946926176860232e-02 3.968572031502298758e-02
5.589424681664854899e-02 4.548290007879974423e-02 2.727158631214281898e-02 3.170010218720912404e-02 4.691847649290082495e-02 1.490660593592684491e-01 3.036472204981568446e-01 4.256539773145509575e-02 4.358127252775069460e-02 1.951178933702928664e-01 5.875484462537498148e-02
2.016133440361732865e-01 1.161706808827674547e-01 1.124016525046217935e-01 1.627148691162897190e-02 6.397555753528409717e-02 4.248532222437293587e-02 3.329416062523781611e-02 7.906507450663657899e-02 1.499542925028769513e-01 1.781637456465475292e-02 1.669520537057453680e-01
3.164892204283958344e-01 9.317466564325896372e-02 7.475512788880031567e-02 1.906490660245721558e-02 1.029005973086003500e-01 3.609388446055761951e-02 2.489071883911379152e-02 1.222860936845377861e-01 9.917272180150511762e-02 1.524325431881445696e-02 9.592880902395857501e-02
2.737984677216402929e-01 5.482772413239832970e-02 7.355472821478484247e-02 2.446216646864474153e-02 1.362617721536297788e-01 3.258580543956789838e-02 2.612029004472853078e-02 2.267947976007320676e-01 7.194051942387723331e-02 1.437135541448415418e-02 6.528237338551208524e-02
