1.367098079339721106e-01 6.159568951488549743e-02 1.077624366621852542e-01 7.206537756150233065e-02 2.372199491005896332e-01 4.620691387925431048e-02 3.242284266534309345e-02 1.733199116584179522e-01 7.422064914834737570e-02 2.774344651182832078e-02 3.073297536367410043e-02
1.792308092592048430e-01 1.184303664069877859e-01 1.036902758082849374e-01 2.222267852701048998e-02 6.542586122161721252e-02 5.485747193261417132e-02 4.145210912836212042e-02 7.564908922744312259e-02 1.538890196013759371e-01 2.107061306933999054e-02 1.640817058177593546e-01
2.508357213755270654e-01 5.306609299231353216e-02 7.035374082126714945e-02 2.714303389952692908e-02 1.649525196685014405e-01 3.497486773777130215e-02 2.836918521520766234e-02 2.401140195570209968e-01 6.604924227490613364e-02 1.785740217611912761e-02 4.628417428183870946e-02
6.932918338505959788e-02 5.893490339331500238e-02 3.117115345380444200e-02 3.800937676385345021e-02 4.954006856420126170e-02 1.986920679058449268e-01 2.362555527176141146e-01 4.265411266715547073e-02 7.716904028705165453e-02 1.328938389348899574e-01 6.535070192721009752e-02
5.956511159245157783e-02 5.040487513491715560e-02 2.888149108710575882e-02 4.187730279757836960e-02 5.074585818668227860e-02 1.687045035419942329e-01 2.247823464948201788e-01 4.758766317114484362e-02 5.059143564344624477e-02 2.172823965376826094e-01 5.957701581217670489e-02
9.299254967830551666e-02 8.960065967396925457e-02 4.472967573442407363e-02 4.785611196433187109e-02 5.272448697946621049e-02 1.347714309464085602e-01 1.728506534799241212e-01 4.645103753733243607e-02 9.174863815124256750e-02 1.357910192165049101e-01 9.048373663809040901e-02
2.042272894616166956e-01 1.179895017406593222e-01 1.698512748930820493e-01 2.778066740912354948e-02 1.196763144243180310e-01 4.333845835662226975e-02 2.569794538564793701e-02 8.005173534576873196e-02 1.486762282347655617e-01 1.857622657472918562e-02 4.413435817366666292e-02
5.608506656234992643e-02 4.550094568622693736e-02 2.725912864751525722e-02 3.712473849958979055e-02 4.854709985688945850e-02 1.530077737634088497e-01 2.989295417906406294e-01 4.490147017700464593e-02 4.233631839403468461e-02 2.057796480507828041e-01 4.052826857155707174e-02
9.609975046367107143e-02 1.057197265176392509e-01 5.393298060044212500e-02 1.004545704955831786e-01 6.492877521407758312e-02 1.659925132358595345e-01 1.065027049275930476e-01 5.227210598924562218e-02 1.172955260736639471e-01 9.071546511700180615e-02 4.608588136522287493e-02
5.876015444418518363e-02 4.678725773753552447e-02 2.812066766793127476e-02 2.272769322598434949e-02 4.389637540465306936e-02 1.431249252128754812e-01 2.920873149257949830e-01 3.919760702858633011e-02 5.344625023503486033e-02 1.646976338233025750e-01 1.071541202941164173e-01
1.790680332663875940e-01 9.814652448679221652e-02 1.457891384123511380e-01 4.576074077052375011e-02 1.957569615640789018e-01 4.513478050413398390e-02 3.033112748512557105e-02 1.102150550108764310e-01 9.098077995796746698e-02 2.104564362043133061e-02 3.777121492133149461e-02
2.316175800331487789e-01 7.801438153999926128e-02 7.660366490532964645e-02 2.674543164781437513e-02 9.823222651676345729e-02 4.084512432392130993e-02 2.935136344589354615e-02 1.742336824714624532e-01 1.066196335148567598e-01 1.657353493276001247e-02 1.211633766680503960e-01
5.729965610741098031e-02 4.512721589602804867e-02 3.028835759112145226e-02 5.116231594572408226e-02 5.428673089610078911e-02 1.270603155684002783e-01 2.400603305894431772e-01 4.659792776926600932e-02 4.446182080403798115e-02 2.638348824167275342e-01 3.982044641573965343e-02
2.022795180096370882e-01 8.080441197210121163e-02 9.009529142400107826e-02 3.957221308172501756e-02 1.760163450883180103e-01 4.924274536841104916e-02 3.314414085656010311e-02 1.766521899687549801e-01 8.669378748450419503e-02 2.608118491085448243e-02 3.941817183513277728e-02
2.769747052349402217e-01 1.111388580448255808e-01 9.983852766817517821e-02 1.859762679873185401e-02 8.288553752239716244e-02 4.048828067468328989e-02 2.684976985637759286e-02 9.779762457360885453e-02 1.224729430183030404e-01 1.371564543544212533e-02 1.092404811725150721e-01
1.051515836149822941e-01 1.416689341287071524e-01 6.120936986563870613e-02 7.360439743902921772e-02 5.301951888416200215e-02 1.494017350924527754e-01 6.043163766885046445e-02 4.454962655238699915e-02 1.921014969723999766e-01 4.319512051309871287e-02 7.566657926829171987e-02
2.212226755074006568e-01 1.292009725527572817e-01 1.128478191403969322e-01 3.036789568261061972e-02 1.006023644192493988e-01 5.535164961332832145e-02 2.659123244738360523e-02 7.719580907911892387e-02 1.593982145775661718e-01 1.724323259718626988e-02 6.997813438300179434e-02
1.533268064526782659e-01 9.104340660847953792e-02 7.941049164023174234e-02 8.068610120779519390e-02 1.622707194279703058e-01 9.411163891402640758e-02 4.822490857548469151e-02 1.150023521266876347e-01 9.361385833420414471e-02 3.037168029039626765e-02 5.193803642204570387e-02
1.859178294182496360e-01 1.297766343805795697e-01 1.013803902020764813e-01 6.961869567444972651e-02 1.245694783322318644e-01 6.999437436198514828e-02 3.765966311487922019e-02 8.537345294382031602e-02 1.255912333003272596e-01 2.742993053431158623e-02 4.268831773708926802e-02
2.404528115457441884e-01 1.087701957500926686e-01 1.120335565557515206e-01 3.260351944554763792e-02 1.277285321634000492e-01 4.227210557345667530e-02 2.767400405486683534e-02 1.233083678121865007e-01 1.163546102435697033e-01 2.052352462744375106e-02 4.827877222794060147e-02
2.977596559428623557e-01 8.530470466641709715e-02 8.269975937173701386e-02 2.160013011750078898e-02 1.199266355508118026e-01 3.514702562952942005e-02 2.395671925022260090e-02 1.620970913931453206e-01 9.776822614201986783e-02 1.729782909216732306e-02 5.644222284358637459e-02
1.233192652997525673e-01 1.102667793016900155e-01 8.386988763537157887e-02 1.201373556726143405e-01 1.037592561507883621e-01 1.235646994119870834e-01 5.119248828108593358e-02 6.862786688017152859e-02 1.230257652449424921e-01 4.953779743624669996e-02 4.269883868534928711e-02
1.798350442681689587e-01 1.619529555162213252e-01 9.738213016688783419e-02 3.962790960232499132e-02 7.575225705037837154e-02 6.994699397859870105e-02 3.347024394253359653e-02 5.679997203996459132e-02 2.035308974814485083e-01 1.905503825431445822e-02 6.264655769915856987e-02
