5.658398000718702775e-02 4.859873449230322356e-02 2.911916554259335460e-02 3.711477308675482228e-02 5.309153270668948849e-02 1.341610368516670537e-01 2.840601684641627100e-01 4.368393400035235075e-02 4.254319005366718337e-02 2.276762935159362122e-01 4.336719127868655238e-02
1.984034483861132625e-01 1.580476391068448838e-01 9.388819511057500122e-02 3.072249602076061389e-02 6.917511608731413686e-02 5.814224891815957669e-02 3.059275224783067348e-02 5.587682888744795878e-02 2.145256671376445934e-01 1.611619343483895045e-02 7.450941466247031075e-02
2.474025643889183612e-01 9.199543945768037800e-02 9.127396418084793295e-02 2.721626942082458825e-02 1.299180636451665594e-01 3.835864909488702346e-02 2.778023754644329962e-02 1.773792377052237912e-01 1.052998916965540432e-01 2.165265726567890472e-02 4.172302559777504860e-02
2.685817547371083802e-01 5.725874788079511613e-02 7.379895168919517467e-02 2.123267742964296892e-02 1.270967283059002695e-01 3.397330823109818987e-02 2.487559237670228240e-02 2.170418032101180117e-01 7.549743723079163638e-02 1.349807170152570249e-02 8.714492720712223306e-02
2.174626979562641893e-01 1.133327768263193980e-01 1.439559794198039255e-01 2.888255010726146696e-02 1.285280283445984773e-01 4.196093436095321011e-02 2.636679617587475710e-02 9.591117341186537748e-02 1.320973444519744355e-01 1.972831572826748078e-02 5.177340321681734442e-02
1.070547042368513585e-01 1.449791832620213328e-01 6.094276677413202475e-02 6.044572137262038680e-02 5.282704940062958598e-02 1.364455863611497011e-01 5.839969825740658899e-02 4.484032743292980933e-02 2.052553317716280246e-01 4.050071134028832009e-02 8.830891979034284633e-02
6.906691652213974020e-02 5.489622349797346201e-02 3.072542548350954555e-02 4.289002465221671695e-02 5.187205970501928415e-02 1.871357260566101632e-01 2.144175046680643348e-01 4.615684969420628947e-02 6.574499856390352004e-02 1.713180043737237146e-01 6.577626678263318039e-02
5.952774048189271583e-02 4.748216150754705489e-02 2.727876306909896714e-02 2.490622691365951963e-02 4.373777434521701479e-02 1.492006687683983812e-01 2.945790900448831962e-01 3.966482203697142828e-02 5.345417077417316531e-02 1.619814295499088508e-01 9.818715250824967822e-02
5.565375019094508102e-02 4.343865441685020728e-02 2.837841197592036804e-02 4.830816667168418010e-02 5.145358208642278330e-02 1.352112001715887468e-01 2.308578766921625947e-01 4.426986542992649570e-02 4.370088794183386860e-02 2.736240367000192797e-01 4.510356772264633579e-02
9.193249445476049664e-02 8.924897039565175827e-02 4.746316673706317546e-02 5.276394278572558993e-02 5.402095587665287080e-02 1.429686418229776934e-01 1.708466435661142868e-01 4.612974804461152101e-02 9.502143854436657933e-02 1.289433803604285445e-01 8.066061741164752552e-02
9.846920858814832422e-02 1.173061318403114534e-01 5.279966317079626964e-02 1.028313046231345562e-01 5.954098075180550703e-02 1.690059357141523166e-01 8.717478679256947249e-02 4.925222479465125869e-02 1.401141388424499146e-01 7.383402301408070745e-02 4.967160186790026133e-02
1.702469695422532958e-01 1.119235247124223953e-01 1.029181539151851621e-01 7.433662290921475013e-02 1.495397442216020167e-01 7.466765296920041539e-02 3.713502490051256988e-02 1.004233227023085678e-01 1.034638705050722474e-01 2.652766931366647499e-02 4.881744430856219813e-02
2.248321675841079004e-01 1.054433155239331149e-01 9.096276547930187695e-02 4.427820877908296426e-02 9.993304371972233646e-02 5.581952203271269702e-02 2.837667256469272523e-02 1.060182711273264800e-01 1.672901300322806872e-01 2.051586325902754818e-02 5.653003989781169719e-02
1.885258355205624015e-01 1.548918947759218567e-01 1.077632058396990056e-01 4.502053235051683977e-02 1.017267555697263098e-01 7.391967243082341044e-02 3.703716123777905239e-02 6.351919172330430796e-02 1.481739709829271445e-01 2.262223786361511335e-02 5.679954170512449552e-02
1.980356249638225985e-01 5.448468753373245793e-02 7.449861469492632948e-02 4.198766195229181736e-02 2.008017803109537203e-01 4.214715850860713264e-02 3.072833103096338919e-02 2.500721505112762921e-01 5.791839172930127871e-02 2.464491427873154519e-02 2.468068448539344900e-02
1.863642868388368512e-01 9.770091735422276047e-02 1.440452848038308031e-01 4.034226289545821131e-02 2.060327551715000483e-01 4.213388714012011177e-02 2.897620415269145516e-02 1.090206659532764882e-01 8.832530030056418013e-02 2.031874703079399394e-02 3.673968835870504435e-02
2.709907067487740684e-01 1.197878499495980548e-01 1.095875004089075927e-01 1.715334183701640661e-02 7.957880237109006549e-02 3.906466755079503889e-02 2.480246672157679008e-02 9.440082146354754344e-02 1.282659164585236433e-01 1.327074534514327379e-02 1.030971811450275277e-01
1.391615346181599155e-01 7.076621021623813457e-02 1.067658108326415556e-01 7.957122736440105926e-02 2.138161602263586591e-01 5.951214410525836745e-02 3.634852915069100576e-02 1.518458873872577664e-01 8.089775192206134780e-02 3.104384981818586464e-02 3.027089435874629961e-02
5.558023558322671559e-02 4.542526634858495144e-02 2.827751003809090766e-02 4.017127890114478156e-02 4.713490881692942308e-02 1.753885538258623533e-01 2.722245931791443807e-01 4.942438540567429400e-02 4.618429952433577429e-02 2.022493033535708862e-01 3.793966502343550790e-02
2.003339684590351166e-01 7.724016472703736091e-02 9.147188333490878509e-02 3.555175441512332252e-02 1.844258364579443310e-01 4.778821368275559117e-02 3.250899911280629578e-02 1.768862340661994936e-01 8.557465254073030880e-02 2.474592984544109545e-02 4.347236335801830942e-02
2.662663482187185848e-01 9.883659107426907842e-02 9.497804861526415454e-02 3.210555116181073448e-02 1.135928520005966974e-01 4.458588089776713281e-02 2.919291606347545684e-02 1.313937898752984279e-01 1.108593206473982989e-01 1.904013551181395897e-02 5.914856593358750608e-02
1.814491208168085012e-01 1.116379354224380782e-01 9.696777607900619600e-02 2.294104809951255305e-02 6.919610072206616724e-02 5.206194437975238121e-02 4.114037562672474141e-02 8.972465340093507824e-02 1.466924351331055643e-01 2.075750307229130148e-02 1.674311072473594064e-01
1.252689535480253358e-01 1.124041334910168138e-01 8.299229365925415991e-02 1.144434329438419745e-01 1.049226208473251071e-01 1.237008445871658896e-01 5.164128965540833865e-02 7.054877822798229225e-02 1.236046803897645624e-01 4.456703573670987156e-02 4.590593691350566136e-02
3.541086936891900683e-01 7.186748849253615790e-02 5.819341160683190461e-02 2.245984990685748542e-02 1.327760948932519836e-01 3.404172789686103068e-02 2.542769869783741837e-02 1.167328959391969595e-01 7.338933033657105143e-02 1.584674101461663182e-02 9.515606752624938824e-02
