1.764441065998904601e-01 1.229861457928041607e-01 9.331333414138426319e-02 7.253209712272222498e-02 1.384597696123428812e-01 7.702102420997586352e-02 3.850186674230006434e-02 8.919832288091103512e-02 1.140216444951346469e-01 2.650627940233546420e-02 5.101540900019899127e-02
1.739673087580589916e-01 1.690549802721777184e-01 9.284726556016273391e-02 4.452769945583701788e-02 7.500973657912324288e-02 7.159624778816774116e-02 3.333077805928674059e-02 5.719380158824036164e-02 2.071822289621086111e-01 2.136397630950723561e-02 5.392597666732947687e-02
2.364119829254963390e-01 1.112636886198703073e-01 1.218021428712719317e-01 3.400467834257812211e-02 1.343227519416745896e-01 4.199910328293966766e-02 2.740704327020123190e-02 1.140007253769962786e-01 1.097058617142174092e-01 2.083814593392904063e-02 4.824387572082504405e-02
1.005212705910011328e-01 1.177074397423763935e-01 6.041317716096592655e-02 1.103349647962240526e-01 6.386577550117428226e-02 1.633120801804023026e-01 8.025588662026079956e-02 5.073223733796297652e-02 1.368810686845892688e-01 6.834059651959245585e-02 4.763550286545045059e-02
3.179102901262277903e-01 8.492182501011759366e-02 7.612634246918392744e-02 2.139185701692126670e-02 1.045264682241930088e-01 3.662157622012907759e-02 2.686367986253661994e-02 1.557539408480543286e-01 9.406706948324697337e-02 1.566308242121444705e-02 6.615386831817499091e-02
1.808341585252999095e-01 1.296871400509782279e-01 1.025756519422372920e-01 2.353219701669390790e-02 6.751087867413602117e-02 6.121681953075911592e-02 4.032639648596821058e-02 6.309277221040984762e-02 1.648388589150733274e-01 1.954807565953423434e-02 1.468370509889098952e-01
1.283246074137161796e-01 1.064420604652897423e-01 8.362858757333915816e-02 1.175633687004545153e-01 1.130231763197856176e-01 1.160829427379348189e-01 5.044611616138180293e-02 7.413101084282153197e-02 1.195452037227482806e-01 4.575999531215881738e-02 4.505293075036948675e-02
1.503519392873474136e-01 7.486345001637165208e-02 9.093655313083677527e-02 7.524121778984252384e-02 1.872856342049554479e-01 6.649616682633241460e-02 4.225339129489063400e-02 1.642928235937395343e-01 8.164384627390185167e-02 3.522081005897393507e-02 3.141416752280779684e-02
1.047229121418799536e-01 1.422988056363155840e-01 5.853827006084873219e-02 5.830339468591107244e-02 5.192807263867483397e-02 1.463556360782217181e-01 6.544930646414860720e-02 4.451171288727644171e-02 1.978600892808722311e-01 4.348185084958503671e-02 8.654994927626574741e-02
2.162212032174208320e-01 1.000159443551578986e-01 1.940804012149670021e-01 3.795205046160014112e-02 1.190637010156127551e-01 3.922676729197566159e-02 2.539812791155403662e-02 8.265569967409885921e-02 1.280085578607483843e-01 1.973556204239578296e-02 3.764198495446866022e-02
5.547850985068031315e-02 4.591106486357783567e-02 2.890342168856483915e-02 4.157689279350346850e-02 5.145682583910239638e-02 1.467153233916947686e-01 2.627822210524347613e-01 4.550469700697999664e-02 4.483090530013393582e-02 2.339264012381454816e-01 4.291373697518210961e-02
1.283211289100788799e-01 6.054851996637369144e-02 1.202844233993683454e-01 7.682027696332695277e-02 2.590225095067243410e-01 4.357587043368694318e-02 3.029955943056054923e-02 1.473674544524512520e-01 7.260039964484600594e-02 2.630099491274892273e-02 3.485886237983411989e-02
2.494118693760968009e-01 9.251072615975057534e-02 9.056077966262998657e-02 2.822277575948143810e-02 1.278972451168329527e-01 4.065714388222949061e-02 2.816472812783198457e-02 1.680285652306682809e-01 1.078581261514280631e-01 2.090508015077600576e-02 4.578296038227446657e-02
2.086744222640624369e-01 1.368822306737456362e-01 1.335291810932088818e-01 3.021825949860543203e-02 1.099714848175800119e-01 5.228665235325771071e-02 2.631086151006254217e-02 7.264175423860033676e-02 1.493691757640002171e-01 1.848346472664198423e-02 6.163251306023481702e-02
7.045760188489445797e-02 5.562267613015120515e-02 3.147838333065616778e-02 4.324724456012627588e-02 5.160118520816774773e-02 1.925066641328496975e-01 2.121941466039249102e-01 4.712357481386449803e-02 6.605676481996820837e-02 1.642129986806893649e-01 6.549875983470743179e-02
2.522757193187527003e-01 5.980064621208815157e-02 7.119957918544518594e-02 1.961904483570691554e-02 1.143598630255165255e-01 3.475231690222437692e-02 2.622871642843555701e-02 2.037389373121938907e-01 7.860321316889899712e-02 1.205403475036522995e-02 1.273679288603724036e-01
2.016591923533627428e-01 7.895281955183956757e-02 8.121652795724876306e-02 2.774669300488802337e-02 8.156458134509531055e-02 4.174397257717168963e-02 3.840124972822692856e-02 1.355605615276196940e-01 1.276977808660039460e-01 1.808854568772092983e-02 1.673680754008223803e-01
9.193249445476049664e-02 8.924897039565175827e-02 4.746316673706317546e-02 5.276394278572558993e-02 5.402095587665287080e-02 1.429686418229776934e-01 1.708466435661142868e-01 4.612974804461152101e-02 9.502143854436657933e-02 1.289433803604285445e-01 8.066061741164752552e-02
2.272568188960739088e-01 1.117770877956471565e-01 9.138705345834709226e-02 3.728155529822600039e-02 9.611891865471436369e-02 5.298842009260014418e-02 2.813848227414982375e-02 1.062454448757700481e-01 1.730594822377307662e-01 2.019785931875197477e-02 5.554887709798869699e-02
1.822357504317240195e-01 9.604350114308361774e-02 1.435691152339139409e-01 4.155546009299884019e-02 1.977266459077290095e-01 4.665338501042390340e-02 3.095231918976847421e-02 1.090075402390434517e-01 9.135323497632030776e-02 2.148008888160547747e-02 3.942295889338889164e-02
2.495305487679261580e-01 5.377258960379242836e-02 7.252022057457729876e-02 2.660674767681715097e-02 1.693707251035995454e-01 3.541285589772776715e-02 2.752760474912785416e-02 2.419629602830637161e-01 6.521007930680651488e-02 1.870840435981623376e-02 3.937726367674537764e-02
1.979731071989066504e-01 7.727619413535760651e-02 9.417074640520108064e-02 3.448764108462898381e-02 1.870903113064313339e-01 4.843514913409741052e-02 3.068569445559572381e-02 1.824662005285050403e-01 8.411285478846058927e-02 2.308175763404020017e-02 4.022034332877544999e-02
2.706912632457358359e-01 1.128779444969569001e-01 1.064799143740628035e-01 2.004532623900273300e-02 8.289463514468115024e-02 4.052035354257291916e-02 2.612727568482331800e-02 1.009298407356858662e-01 1.271459470108229073e-01 1.462937782759316831e-02 9.765812169806230292e-02
6.010021010161428756e-02 4.811922564960227633e-02 2.687715948048996148e-02 2.657550914001546166e-02 4.361551413994222554e-02 1.555679594804552091e-01 2.935542312579325075e-01 4.114524961383930063e-02 5.261204788237754115e-02 1.635461280290239905e-01 8.828676522470715882e-02
3.878874973837919127e-01 7.507360683955528746e-02 4.027135441511835168e-02 3.486016331657389167e-02 1.518534070134580638e-01 3.315017909437525251e-02 1.574663440181654425e-02 7.221919141389186725e-02 6.029055316493378558e-02 1.537219188180575721e-02 1.132752210746792998e-01
