1.365660777075441423e-01 7.115120933653241997e-02 1.072382616773858155e-01 7.912476939925786046e-02 2.167421366707907582e-01 5.997652917089512509e-02 3.699105158514322256e-02 1.506008924707568919e-01 8.079126363067544447e-02 3.055890662081776551e-02 3.025890173020044302e-02
7.407050409775159383e-02 5.631012221240531967e-02 3.311553664492261628e-02 3.211044393322048940e-02 4.745534641888562999e-02 1.892323630323564931e-01 2.381256069214291449e-01 4.421861194214747603e-02 7.260867606830570531e-02 1.340961880335315992e-01 7.865660069504397389e-02
1.062792479984797922e-01 1.469667869570928098e-01 6.376850926755106563e-02 5.789948011994427296e-02 5.383094698869184125e-02 1.303161934766258745e-01 5.667333550940493320e-02 4.457643532178419410e-02 2.067220944271491168e-01 4.192881320769725750e-02 9.103815672557884209e-02
5.855628118525842835e-02 4.522668933336802810e-02 2.882095310335475863e-02 3.947397131390615460e-02 5.163479835891207625e-02 1.451490115539745551e-01 2.905348444838515842e-01 4.781061637864551100e-02 4.405346563863037079e-02 2.140858158115925558e-01 3.465355283850590773e-02
1.863642868388368512e-01 9.770091735422276047e-02 1.440452848038308031e-01 4.034226289545821131e-02 2.060327551715000483e-01 4.213388714012011177e-02 2.897620415269145516e-02 1.090206659532764882e-01 8.832530030056418013e-02 2.031874703079399394e-02 3.673968835870504435e-02
2.220132800466100009e-01 1.137401722330917408e-01 1.190883309446792715e-01 3.252994275382135175e-02 1.263254708980389440e-01 4.608559574000448134e-02 2.788550834268702788e-02 1.037658628146021778e-01 1.319698433773043023e-01 2.131370682086431920e-02 5.528228602829644150e-02
1.746529577801622379e-01 1.232470329635516199e-01 1.029686739761511011e-01 2.523341351034103300e-02 6.288464040356951668e-02 6.064004169700337038e-02 4.297893311780082160e-02 7.113544065450148890e-02 1.595041345318554404e-01 2.014044534370655962e-02 1.566142860213568244e-01
8.153090863378496811e-02 7.692273655829472145e-02 4.034373043572890560e-02 5.567730013642924192e-02 5.558267591921361994e-02 1.388477590636969794e-01 1.744684679686721585e-01 4.897656497586415358e-02 7.911364609345414300e-02 1.642866710315187828e-01 8.424953918334228409e-02
2.689588446167326397e-01 1.156082284846783048e-01 1.084870814221287894e-01 1.972565164973100887e-02 8.292316211554601191e-02 4.006210326430598850e-02 2.598765635545724484e-02 9.809691291153393999e-02 1.276252895827670597e-01 1.442681115661744416e-02 9.809825844050154564e-02
2.379868285662138927e-01 7.340754466101123699e-02 7.383296810323558557e-02 1.994876727683479734e-02 9.335600839977239995e-02 3.761420524080606731e-02 2.799822118382995148e-02 1.623712336767571263e-01 1.033878555156793333e-01 1.397493937625905562e-02 1.561214279996005483e-01
1.744039746129581459e-01 1.123640362779146223e-01 1.005914753493032804e-01 7.490353053245364656e-02 1.475074657236319919e-01 7.423146215767674472e-02 3.666136033599948912e-02 9.752810113412954673e-02 1.064862444567392930e-01 2.591790319526483116e-02 4.940444622392844293e-02
2.797708054158176694e-01 9.692014623730604850e-02 8.800193513161615189e-02 2.454529060673651952e-02 1.205210162313068711e-01 3.936047234254601984e-02 2.524555443749200434e-02 1.453848490838315632e-01 1.126610857162981261e-01 1.782133050626164353e-02 4.976751429078737909e-02
1.270598182745494020e-01 1.095861792172245081e-01 8.127570629900865429e-02 1.148739224142488191e-01 1.044590569993445600e-01 1.237382739471876020e-01 5.285688688262572127e-02 7.156779657804078487e-02 1.218525034812240615e-01 4.640508339174875124e-02 4.632477251479712871e-02
2.863751236787224763e-01 5.186471401783922935e-02 7.030099247551566122e-02 2.382849240010139272e-02 1.401779173265757517e-01 3.184052096556329314e-02 2.528192601680671198e-02 2.266744789393662918e-01 6.955857691304016821e-02 1.376584649188544035e-02 6.033141077458354512e-02
2.112272538913203268e-01 1.059774703404050278e-01 1.794692065614071352e-01 2.814341466072193404e-02 1.124221265216671234e-01 3.792492742134222217e-02 2.493906580359770211e-02 8.433412504936428633e-02 1.500054652431419278e-01 1.773250391757590430e-02 4.782444058945648641e-02
1.845503950294483664e-01 1.563006094897623766e-01 1.057493180205137245e-01 4.833792642236607595e-02 9.701801037382321025e-02 7.829254559406093050e-02 3.847811925142956974e-02 6.260088466861857270e-02 1.505037046621965913e-01 2.296771671339936649e-02 5.520076977438119481e-02
1.992050576821144670e-01 7.670089462726831231e-02 9.186641131996849119e-02 3.783674916336342980e-02 1.838997752555063536e-01 4.802560184200959509e-02 3.227464529260418158e-02 1.765403059822026888e-01 8.542983142530910512e-02 2.534079915161828456e-02 4.287992825803512570e-02
2.361211947141248213e-01 8.810697543352695449e-02 9.509535229121325595e-02 3.049665563985933317e-02 1.245376817741003367e-01 4.097954153067724647e-02 3.043866908662714102e-02 1.853919527646389342e-01 9.779764909438999620e-02 2.168460049095791153e-02 4.934972717988406199e-02
9.334517643867193404e-02 1.011780959593316098e-01 5.332142019995242399e-02 8.373288594918429362e-02 6.519312979027834520e-02 1.658371037231131107e-01 1.316570493946953302e-01 4.958198239743952240e-02 1.097166473580155760e-01 9.439207765096185865e-02 5.204443113835600238e-02
3.603525986289972671e-01 6.828572248337448636e-02 5.037911859414298532e-02 2.533239993220998826e-02 1.396277061652030915e-01 3.333815208897511484e-02 2.651302804155747025e-02 1.128359642819728448e-01 6.705495085845700198e-02 1.731504105426300705e-02 9.896531787084675291e-02
5.611780902342933253e-02 4.618926792256337899e-02 2.671185569569604207e-02 2.396864577019877304e-02 4.340231411899694164e-02 1.444744433229358249e-01 3.047065540947898055e-01 3.881592822305499763e-02 4.814435940830192467e-02 1.702786147292358332e-01 9.719020769079721178e-02
5.430797453773463651e-02 4.363063983892238179e-02 2.908937825639639971e-02 5.100999977090046877e-02 5.269611967055192608e-02 1.289838170329241085e-01 2.364305451077298448e-01 4.445673126070332631e-02 4.278192345061113122e-02 2.731671308206907733e-01 4.344574025283497176e-02
1.007655396158585320e-01 1.337742244508108580e-01 5.293562522815691007e-02 1.001435402674465958e-01 5.171419459170933236e-02 1.724412906440351556e-01 6.999064843023634908e-02 4.406530941999035195e-02 1.707396782491990561e-01 5.073367312080725999e-02 5.269627598174959210e-02
2.024342142514876097e-01 1.522468792951734429e-01 9.726865504473107549e-02 3.154658672298078087e-02 7.609223396046568832e-02 5.557854412293534302e-02 2.847564487255178911e-02 6.818783127650004938e-02 2.106050406157250754e-01 1.755401820069224170e-02 6.001035163675683820e-02
1.980356249638225985e-01 5.448468753373245793e-02 7.449861469492632948e-02 4.198766195229181736e-02 2.008017803109537203e-01 4.214715850860713264e-02 3.072833103096338919e-02 2.500721505112762921e-01 5.791839172930127871e-02 2.464491427873154519e-02 2.468068448539344900e-02
5.539110731051236775e-02 4.918251318297426483e-02 2.762285839712086410e-02 3.502920965206120230e-02 4.630769284969862842e-02 1.748631491831934559e-01 2.413416983205746991e-01 4.380094646669163011e-02 4.731841672015404954e-02 2.240828562499072307e-01 5.505955166711151011e-02
