3.165658423395174004e-01 8.679028661044134452e-02 7.253195079078636476e-02 2.026158458524322803e-02 1.084497726729204414e-01 3.571927046891618801e-02 2.679474942047781194e-02 1.499999738228923740e-01 9.492246123378585143e-02 1.492290248829045152e-02 7.304120556672864806e-02
2.737505080817402847e-01 1.136696593942974898e-01 1.182807706485966420e-01 2.549294871889300207e-02 1.065314739061383464e-01 3.889350901596810156e-02 2.537780272324031972e-02 1.117153072144198706e-01 1.244856437519037268e-01 1.770229469886332174e-02 4.410008184593893626e-02
1.922046308670131987e-01 9.168240870634268569e-02 1.561282963433250071e-01 3.037071854132541299e-02 2.073379634474060706e-01 3.977919823943239230e-02 2.807838900423427139e-02 1.108328836016260893e-01 8.705707994179857911e-02 1.939875087632544556e-02 3.712968043117079175e-02
1.421838010662267449e-01 6.610279206975884503e-02 1.075417892910650736e-01 8.012723045963689172e-02 2.271574568343033285e-01 5.242338504138453065e-02 3.378310620007361070e-02 1.577400683027124495e-01 7.397588395751911183e-02 2.903691351606816490e-02 2.992757326125116205e-02
1.385233457115043476e-01 1.390271431384657863e-01 6.934819443204104372e-02 4.868655619235801035e-02 5.683178407955682965e-02 1.164825884159356589e-01 4.608237613724489729e-02 5.388983491194963144e-02 2.045920020380832538e-01 3.211188534757437180e-02 9.442428959528621768e-02
9.736859331425568032e-02 1.077043281215889492e-01 5.522205215572988796e-02 1.053356066342698988e-01 6.514642069750510578e-02 1.669263472221775568e-01 1.009579370942005200e-01 5.304563031945205148e-02 1.152755505455347884e-01 8.508777636350628448e-02 4.792975753177924209e-02
1.829403223866914729e-01 1.201901182383201538e-01 1.111799143549416086e-01 1.800419712771248598e-02 6.521296432055337378e-02 4.505440319504144808e-02 3.510826254279064695e-02 7.488100176159794008e-02 1.564291494740945032e-01 1.953742532114163474e-02 1.714622412771147353e-01
5.701472496947321972e-02 4.730947947257649333e-02 2.657906070697810264e-02 2.485531878451676530e-02 4.282502008055802389e-02 1.487254109970419791e-01 3.100044027564536897e-01 4.005903752533437195e-02 4.473507604825958939e-02 1.822610441384297508e-01 7.563142452037796559e-02
1.368669956618405181e-01 1.035307726347867302e-01 7.818512045520022158e-02 1.044331558785227265e-01 1.031335848258117527e-01 1.157928534486177968e-01 5.860891983631747598e-02 8.024720260395061533e-02 1.134758884451395194e-01 5.432198817143422953e-02 5.140351803837834438e-02
1.952438786683640681e-01 1.567313890806678323e-01 1.021089527975211769e-01 4.177386340696794681e-02 8.905044530534177161e-02 6.543099055089375560e-02 3.156955281978787026e-02 6.777271631962430987e-02 1.754622160564234534e-01 1.964299363733226431e-02 5.521300135707552653e-02
1.800031077102119959e-01 1.050252114996243352e-01 7.974248491774396652e-02 9.628987435731788114e-02 1.439653327728001586e-01 8.012178756561166848e-02 3.674851891331657600e-02 8.041162184934665114e-02 1.157056336360243604e-01 2.201782284842586368e-02 5.996860392957659158e-02
2.266184084536544963e-01 1.046463735104947446e-01 1.058962302662247029e-01 3.694474266207853352e-02 1.276424872599926374e-01 4.595961509646961235e-02 3.011827556585701046e-02 1.210680120801080201e-01 1.210761488647180001e-01 2.142249057141592736e-02 5.860721566898633578e-02
2.055621201503354256e-01 7.838691825332436136e-02 9.263937316953878287e-02 3.207413886687136839e-02 1.943294575432033544e-01 4.377764352913880719e-02 2.882643373965140116e-02 1.820685777129471272e-01 8.258401932501442666e-02 2.148212796713636769e-02 3.826918974283844560e-02
2.658054915400652751e-01 1.176899184251043728e-01 9.864816334901786721e-02 1.842289974630505894e-02 7.401509733709690786e-02 4.245142953680094977e-02 2.606436908251624426e-02 1.012191904043892587e-01 1.275739297830605357e-01 1.352660336785061965e-02 1.145829074277928822e-01
1.660590360736224902e-01 1.117888879909633565e-01 1.155437514859101733e-01 6.291503387933199132e-02 1.623920267525733596e-01 6.677157308668385527e-02 3.729112069188513651e-02 1.097925728046262317e-01 1.010578299682381304e-01 2.676069350074924968e-02 3.962747376541599087e-02
2.463739970487553721e-01 6.002772208290646505e-02 7.564483541982304493e-02 1.697036873564590487e-02 1.124655420647182602e-01 3.099864393163458826e-02 2.613864890936246077e-02 1.923017710841723182e-01 8.344289061622092718e-02 1.198179035464257483e-02 1.436537897521180940e-01
2.540240284938878323e-01 8.120877041203397595e-02 8.784469521476226395e-02 2.694909165702483178e-02 1.325929363669129113e-01 3.803317012100441985e-02 2.745908681907415286e-02 1.894811687822333113e-01 9.713257817363392388e-02 1.995119419794038826e-02 4.532327976149200938e-02
6.851074089673872547e-02 5.346079887042571449e-02 3.007360212991631518e-02 3.307150649517213298e-02 4.727364025524700974e-02 1.832305493030073895e-01 2.463273713810187893e-01 4.331827023153147355e-02 6.941739989008027800e-02 1.411031552521273269e-01 8.421296529473483450e-02
1.057967376153867572e-01 1.318893417577378102e-01 9.205175777460578024e-02 1.240274924923308320e-01 1.045848309634327677e-01 1.333947146409163453e-01 4.401432505131527839e-02 5.497893697606034275e-02 1.412846946721796892e-01 3.165471010127834245e-02 3.632245795475610300e-02
9.553077037796478543e-02 1.370576523964130433e-01 5.376425275294393485e-02 8.075468508071168006e-02 4.796330402090765582e-02 1.613192411549044247e-01 7.365172061099924117e-02 4.081187418487301072e-02 1.867996605954651002e-01 4.821339876275810427e-02 7.413344006205904724e-02
1.812486877969141652e-01 7.455162757062211432e-02 8.699316826648623158e-02 4.736216801363166140e-02 1.664319724587467464e-01 6.159549299503046943e-02 4.092623494862698830e-02 1.666383585986069837e-01 9.120828764960671464e-02 3.475409000864644604e-02 4.828991169308149284e-02
4.379358884125663653e-01 5.214665045748288763e-02 4.146138588521339208e-02 5.448205259453580557e-02 1.828331947021562265e-01 3.551090920724295219e-02 7.038198221255358936e-04 5.150681425555058562e-02 3.944590184912662167e-02 2.504958730564975367e-02 7.892379550834986712e-02
2.166159772849916565e-01 5.448040814186956571e-02 7.243494489607059383e-02 2.916480528864189015e-02 1.943552065277122654e-01 4.050210858231368533e-02 2.936044579150286216e-02 2.572336319427867557e-01 5.797207165207857865e-02 2.239235285260058814e-02 2.548804703943150646e-02
9.118812772064806282e-02 8.866395635731880165e-02 4.434410289203760680e-02 5.124927503792637423e-02 5.427723815844454069e-02 1.390795977574923181e-01 1.726812198416027011e-01 4.612312250647103429e-02 9.703653302454200158e-02 1.331632609907850706e-01 8.219356571273148115e-02
5.527210047176289026e-02 4.479050089066045903e-02 2.895635136145325098e-02 4.358451181252472745e-02 5.285071533825237700e-02 1.435917391191174064e-01 2.707846180855464358e-01 4.682347852159387397e-02 4.386004637078509683e-02 2.353948371038493137e-01 3.409110092445406109e-02
2.107564618784853461e-01 1.176802600843383367e-01 1.524455547222684504e-01 2.785316717795981861e-02 1.168615825561636345e-01 4.681268066108243420e-02 2.517950980321946933e-02 7.833977578790989049e-02 1.483541486285080424e-01 1.827959482125910903e-02 5.743726387880550982e-02
6.044580238420819290e-02 5.005512527994883387e-02 2.944694620531233473e-02 4.586043864065672548e-02 5.196855493294055134e-02 1.647304497882545737e-01 2.112374407047565017e-01 4.693233770060333682e-02 5.106605028898494880e-02 2.225386238753842560e-01 6.571823019894974804e-02
