2.339355543084677136e-01 7.335234199732472427e-02 7.672570210071505414e-02 2.713202238372979663e-02 9.958876232554854380e-02 4.087216824553552286e-02 2.986848450915903161e-02 1.683833047656584092e-01 1.026638814786089426e-01 1.439260067019842472e-02 1.330851772150538626e-01
1.609288515503876082e-01 1.316885286167376878e-01 1.056436918044506568e-01 1.150715433765178708e-02 3.181028840626504844e-02 3.690822877279265751e-02 5.008660408006844478e-02 4.244608464961917987e-02 1.609455207159930790e-01 2.892278362947422674e-02 2.391122634365596133e-01
1.827051838944295237e-01 9.669718278241815068e-02 1.459340963777350786e-01 4.085450606318471317e-02 1.948632239063683991e-01 4.642512466905992369e-02 3.071663215678508557e-02 1.085729175451543710e-01 9.296901985831441950e-02 2.122632750414674835e-02 3.903578524240358671e-02
1.689078719823780550e-01 1.053349809506806539e-01 7.917235964940824711e-02 8.776001496752275366e-02 1.282188771740819522e-01 9.533200106620989822e-02 4.465007677247229134e-02 8.617272023254625435e-02 1.147769704729473955e-01 2.945059898958617139e-02 6.022352774216638283e-02
9.427575177680655449e-02 1.058175885231544822e-01 5.473559866544591007e-02 1.017175160905596787e-01 6.688967116427291248e-02 1.679588330515471573e-01 1.063904597796868079e-01 5.347242358898622594e-02 1.131791076487741743e-01 8.968495130783787905e-02 4.587809840292825236e-02
6.868217381800012511e-02 6.064786366610000479e-02 3.239763405545926372e-02 4.126577101047278207e-02 5.087251323131404546e-02 2.028382916533818525e-01 2.293876591475621229e-01 4.266451362310125922e-02 7.789906878178813610e-02 1.348827658284152964e-01 5.846174518440509088e-02
6.074578693470641250e-02 5.065703908064621286e-02 3.014934567975695659e-02 4.449762412681221302e-02 5.279536300619366851e-02 1.612318353885388300e-01 2.197514929337724687e-01 4.852446674549219102e-02 5.080170632815104309e-02 2.217442710754341795e-01 5.910106870049582073e-02
1.616725385103808810e-01 1.356407897013489072e-01 8.382181395667388790e-02 3.757489297997904099e-02 7.517390224998588000e-02 8.868909914632347458e-02 4.583163411546654908e-02 5.999743719913663842e-02 1.818032397015366397e-01 2.013502092817634828e-02 1.096596315109916453e-01
2.863751236787224763e-01 5.186471401783922935e-02 7.030099247551566122e-02 2.382849240010139272e-02 1.401779173265757517e-01 3.184052096556329314e-02 2.528192601680671198e-02 2.266744789393662918e-01 6.955857691304016821e-02 1.376584649188544035e-02 6.033141077458354512e-02
3.028435312850230043e-01 9.822129471467881678e-02 7.749397608573679874e-02 2.082681793385966762e-02 1.022052648911339345e-01 3.756972394378916419e-02 2.742292127632664500e-02 1.335650025867239632e-01 1.044525889855274781e-01 1.596003993416455699e-02 7.943883836303594626e-02
1.881141401248652145e-01 1.444381663325364773e-01 1.236458973278554141e-01 5.342779362310891289e-02 1.278623809666099287e-01 6.239777337136980656e-02 3.179711945532284062e-02 7.771835182286389310e-02 1.271547006658123313e-01 2.360493344374365449e-02 3.983874286591156805e-02
2.071688486245664151e-01 5.572670963654003523e-02 7.489527748705933352e-02 3.005186519162856423e-02 1.960776770728582807e-01 4.192733179496947737e-02 2.991143758334830968e-02 2.592705607728612027e-01 5.789631904620507613e-02 2.314415867951224309e-02 2.392981411045106213e-02
4.379358884125663653e-01 5.214665045748288763e-02 4.146138588521339208e-02 5.448205259453580557e-02 1.828331947021562265e-01 3.551090920724295219e-02 7.038198221255358936e-04 5.150681425555058562e-02 3.944590184912662167e-02 2.504958730564975367e-02 7.892379550834986712e-02
1.520409809168922766e-01 7.560935507420153689e-02 8.401036703886448354e-02 7.341267477779890582e-02 1.899099856989728274e-01 6.859647507079663642e-02 4.266091182110801072e-02 1.645127572354465606e-01 8.160513646524324149e-02 3.598079547692237257e-02 3.166056042375313406e-02
1.176937885393083277e-01 1.098744372333131658e-01 8.452038795615884892e-02 1.246449839543843779e-01 1.023738215271885604e-01 1.261489161611027143e-01 5.338341801485732563e-02 6.666580892624646149e-02 1.236052006735256781e-01 5.083138447107637264e-02 4.025785254283809067e-02
2.467098844718546569e-01 9.035179306067733784e-02 9.187675953509438775e-02 2.726482100546071333e-02 1.293578884785057670e-01 3.948659797266963756e-02 2.804460901659651395e-02 1.770982624196179300e-01 1.045578252231671862e-01 2.082288437509790743e-02 4.442867444125795512e-02
6.309560937208444353e-02 4.970129636506238208e-02 2.841952335263592255e-02 2.480242536873105211e-02 4.076571894644120259e-02 1.486812723358544308e-01 2.723030578361250731e-01 4.057691957076343253e-02 6.118819105587869345e-02 1.561954367492691398e-01 1.142705490471542518e-01
2.381059134232795249e-01 1.076812394115985450e-01 1.229814241280225012e-01 3.258505122033204110e-02 1.297327023957461078e-01 4.159666616878519158e-02 2.782588250235214222e-02 1.145042970334132493e-01 1.129916098020360832e-01 2.113765887111226580e-02 5.085755504332243465e-02
2.446197973549740778e-01 1.234357064857263819e-01 1.026446186819645057e-01 2.913144402004775105e-02 9.173479211244800480e-02 3.847479519496552203e-02 2.453554146777984363e-02 1.071755896755937215e-01 1.693097755311349928e-01 1.845509115268685260e-02 5.048284832267835309e-02
5.852660883085314403e-02 4.763176441651752191e-02 2.716880353492925892e-02 2.839790124285854200e-02 4.670272338757824881e-02 1.523193688638541932e-01 3.097823544030854914e-01 4.240032212250826466e-02 4.346765287847258186e-02 1.845445553998763533e-01 5.905794491946636526e-02
2.161800326383721549e-01 1.136921897437234708e-01 1.125935781945119896e-01 1.690375508737147758e-02 7.086122442092500362e-02 4.295501890900502162e-02 2.946690470791468383e-02 8.663493598651145211e-02 1.464453025293704636e-01 1.523745908834089197e-02 1.490295986939534079e-01
2.231446665696323606e-01 1.154115905435708217e-01 1.326217278901598851e-01 2.590917601308016793e-02 1.049116236470992031e-01 5.242855499721448681e-02 2.614231114662831854e-02 7.499294605663717195e-02 1.516095696744057253e-01 1.625195072230635127e-02 7.657588273926556333e-02
1.755353284721800911e-01 1.751779429283694123e-01 9.129893527946782161e-02 4.452502008960596003e-02 7.220099624328522869e-02 7.138279541232944725e-02 3.267247428618030858e-02 5.414827501685542249e-02 2.125681594553458509e-01 2.210953145264617573e-02 4.838054136373416692e-02
1.283315959376768178e-01 6.120825772326073805e-02 1.289547875318123593e-01 7.999056267519588648e-02 2.439005888318679927e-01 4.294962603577418686e-02 3.125042586248970300e-02 1.493769161380364696e-01 7.396421023650566473e-02 2.616385272887683869e-02 3.390917629850331155e-02
9.353241358834661623e-02 8.880647573801317418e-02 4.483323104579405027e-02 4.914551642761891964e-02 5.365985638143935810e-02 1.354190371748429655e-01 1.699830713406307592e-01 4.669031100680732377e-02 9.531012823186756078e-02 1.361749919646033924e-01 8.644496710003582440e-02
1.038741494690433725e-01 1.386382317251870222e-01 6.077551184190950473e-02 7.852085487296116273e-02 5.198771035616169683e-02 1.562987361220937177e-01 6.324676530397436991e-02 4.409926439157104555e-02 1.844484357614184777e-01 4.603377341387126370e-02 7.207656674180842882e-02
5.237195032003668510e-02 4.125806822035599924e-02 2.747233788549394845e-02 4.607503148043302216e-02 5.210084600783589093e-02 1.415521961427566033e-01 2.723300373526713059e-01 4.506978315241904481e-02 4.239526066739417870e-02 2.458293682003865888e-01 3.354512057021673266e-02
2.034663436596197139e-01 8.015696028435968790e-02 9.199229412191627098e-02 3.614679109019516834e-02 1.828241523525047652e-01 4.667724639449318674e-02 3.105356596189706025e-02 1.760032635992318517e-01 8.657132449638442473e-02 2.270293592237200217e-02 4.240512211702583689e-02
