1.878879059365088644e-01 1.577087928396323779e-01 1.140084006659357191e-01 5.052294465618090147e-02 1.209482288541135347e-01 6.712798306983668029e-02 3.290396109839748007e-02 7.299355154438513793e-02 1.322216584275905382e-01 2.440429860926184372e-02 3.927227429815693255e-02
6.919047090141604295e-02 5.759648998409117038e-02 2.832393098478702687e-02 3.028764469477060114e-02 4.454843875005154441e-02 1.930579774449520114e-01 2.519490328331439599e-01 4.092804902887249574e-02 6.693232929901644923e-02 1.396549554456248121e-01 7.753068063327392401e-02
2.865795722878219931e-01 1.068898270366307052e-01 8.424551238064856284e-02 1.954697691868947582e-02 8.025198093523867870e-02 4.108568230707891622e-02 2.683869831197127978e-02 1.270224159639687100e-01 1.161958791276075098e-01 1.482219510653149872e-02 9.652125962381266633e-02
8.370050131130073179e-02 1.260790218604860569e-01 4.777217506980017264e-02 8.796928623488534105e-02 5.139630764860385337e-02 1.728797860258301511e-01 9.012915045220462607e-02 4.207098162272290831e-02 1.700555461371417720e-01 7.343735888952139523e-02 5.450988474750306789e-02
1.796410207242632451e-01 9.871364837403934223e-02 1.455762411546135948e-01 4.153016959184163692e-02 1.945060191119248882e-01 4.732826025560907951e-02 3.091225297999278254e-02 1.071270709100479862e-01 9.220426394698540140e-02 2.116358422087341942e-02 4.129746872980854383e-02
5.219499742218886018e-02 4.353784213371220124e-02 2.777251245023536555e-02 5.103228588915464242e-02 5.132590623698778803e-02 1.286501263840300058e-01 2.448143169489688797e-01 4.366472973211035086e-02 4.188527656125708154e-02 2.755158816318140635e-01 3.960612460954070213e-02
2.339112935322348596e-01 1.119055125796218908e-01 1.343118005198947751e-01 3.204013934856205642e-02 1.319028200175549614e-01 4.082968087045790728e-02 2.804713982681041745e-02 1.090272615391692373e-01 1.118320489153934588e-01 2.021904854630975426e-02 4.597325430399071960e-02
2.812351500332188614e-01 5.581195220896115194e-02 7.307718081439522340e-02 2.401591117091577202e-02 1.316327025450958754e-01 3.269946216000450129e-02 2.632847852482633755e-02 2.223527856404828584e-01 7.777181924456201545e-02 1.500218913236834629e-02 6.007236852516903425e-02
2.403846979347092072e-01 6.187758718750990122e-02 7.820917373982151644e-02 1.824759505453591585e-02 1.096211500126629268e-01 3.200663294289803062e-02 2.536949023124719996e-02 1.846587987091131700e-01 8.681041609668632697e-02 1.240749780498851158e-02 1.504069602858273125e-01
1.366165292627709860e-01 5.779053975540579535e-02 1.084413084311248443e-01 8.004791997123142377e-02 2.491914304458771323e-01 4.343851916605464408e-02 3.122364577827634741e-02 1.638452182055725737e-01 6.895197034905602151e-02 2.738773035346388565e-02 3.306518828116634251e-02
9.613091584795202538e-02 9.149612653953673180e-02 4.731985290980034869e-02 4.584936886088709224e-02 5.279326820053110297e-02 1.313148399588704995e-01 1.658356491276081479e-01 4.660541851740258174e-02 9.492775724195391673e-02 1.356258032954323067e-01 9.210099950002524627e-02
2.203380758294823660e-01 1.157366705056413619e-01 1.482277155990542050e-01 2.386019620662984189e-02 1.068283499312538132e-01 4.415307120454074058e-02 2.399300029716513322e-02 7.740829770015858480e-02 1.526637946417674641e-01 1.701475036436035648e-02 6.977607771994616404e-02
3.690158979802514172e-01 7.488339256018923529e-02 4.419737329787810226e-02 2.586741743192348328e-02 1.492226226804296563e-01 3.609771286992740497e-02 2.457262352256103788e-02 9.633552932621104736e-02 5.769805335976727068e-02 1.585231689607513941e-02 1.062570600747861221e-01
2.082064367799422444e-01 6.758091144254513294e-02 8.227844236997816640e-02 2.910172583247220418e-02 1.949078900670044301e-01 4.055992668670103940e-02 2.935584666217519109e-02 2.237359467273715430e-01 7.128611291433023522e-02 2.146263040403204730e-02 3.152413011344772087e-02
2.494062252973368587e-01 9.053818015432829602e-02 9.127253856354017314e-02 2.798926774546535434e-02 1.339511732676381683e-01 4.031360553874775016e-02 2.816646913018394996e-02 1.685663828851857726e-01 1.037780801706800760e-01 2.086200390325585602e-02 4.515607334363772735e-02
1.522531109710753838e-01 1.022866371091522980e-01 8.307294368427435571e-02 9.807998519765441514e-02 1.241023959726472448e-01 9.986775734682330763e-02 5.162894195015130250e-02 8.670899526102533728e-02 1.071054556862820889e-01 4.289553300749782833e-02 5.199824381341640323e-02
1.887661738578642334e-01 1.193723002721885779e-01 1.123673817500655259e-01 1.741305573889199987e-02 6.523118722464987806e-02 4.411905170205979165e-02 3.343604469838439008e-02 7.528072279956932178e-02 1.548329569941016004e-01 1.896326628320935820e-02 1.702178586790153159e-01
1.086511863629253671e-01 1.011241764766260959e-01 6.275294086881040567e-02 9.880463640798224645e-02 6.790693434943893825e-02 1.631774887042232447e-01 1.134649075177788652e-01 5.920822796571068025e-02 8.625629994460552730e-02 8.660516129196262070e-02 5.204804010993597380e-02
2.687738308264679410e-01 1.226786682680306717e-01 1.037440195043980162e-01 2.275927320211643817e-02 9.535180986496775979e-02 3.801666920493763230e-02 2.358855711510152858e-02 1.086308807517109704e-01 1.496807970474089144e-01 1.630098280723196735e-02 5.047451140762817395e-02
5.802704745273543074e-02 4.673866671610131529e-02 2.919871872713600616e-02 3.949707675848080496e-02 5.140612796390435502e-02 1.488272259501700612e-01 2.831532262132749334e-01 4.823331060520644198e-02 4.432010939733559834e-02 2.156748076237565703e-01 3.492368259189847918e-02
5.611780902342933253e-02 4.618926792256337899e-02 2.671185569569604207e-02 2.396864577019877304e-02 4.340231411899694164e-02 1.444744433229358249e-01 3.047065540947898055e-01 3.881592822305499763e-02 4.814435940830192467e-02 1.702786147292358332e-01 9.719020769079721178e-02
1.832410026275174963e-01 1.367557162289131378e-01 1.068619701084010526e-01 4.004542105441287470e-02 8.277244800095454047e-02 7.494732755815433634e-02 3.381377986975486749e-02 6.247224641239182419e-02 1.873585013799231591e-01 1.784013122793446510e-02 7.389145553164223890e-02
1.206231382864382667e-01 1.404598712536407612e-01 6.368828262018107200e-02 5.748752845993850696e-02 5.720961446509419124e-02 1.288136425265904716e-01 5.361677603737102782e-02 5.177514824729757825e-02 1.961974863035678696e-01 3.429813176364486516e-02 9.583038003623538248e-02
1.697976294205001679e-01 8.160081398162434552e-02 9.432170261500849584e-02 6.067742404361532033e-02 1.825984196540572091e-01 6.204131311503523899e-02 3.863493241171141179e-02 1.570417111970862090e-01 8.617213326672784612e-02 3.112028080134100760e-02 3.599363949329272006e-02
2.254106816664415980e-01 9.634191475829159690e-02 8.809243880596015486e-02 4.842097857772106190e-02 1.196574048818913466e-01 5.434020466844287356e-02 3.102795709814877220e-02 1.150861998454995871e-01 1.291146844476398770e-01 2.103610468230270383e-02 7.147143056766042113e-02
2.134888161135821416e-01 1.613295973348687629e-01 7.986056888931124254e-02 3.288505182036600971e-02 7.245513965097202802e-02 5.069289772067318151e-02 2.790494258841875672e-02 7.239387214168098439e-02 2.201694281687444910e-01 1.708704273239220958e-02 5.173264283899024069e-02
1.138132715272627132e-01 1.248847137988469969e-01 8.188695256477461493e-02 1.214221641661180351e-01 8.760275192423655488e-02 1.409483040061704218e-01 4.861175201742155144e-02 5.598181273467256469e-02 1.408619125985738907e-01 4.023529095950482970e-02 4.375107370241785448e-02
6.810119853547630386e-02 6.268314540651225009e-02 3.535389239741172640e-02 6.954426855314281564e-02 6.051856699042929694e-02 1.763320929642337442e-01 1.972870036028191720e-01 5.164821967682641651e-02 8.312826811237419844e-02 1.488195393368808850e-01 4.658380442389312842e-02
6.077459716315564142e-02 4.699005590055801290e-02 2.822676379276566755e-02 3.486925816342649476e-02 4.959316444042648209e-02 1.668192737781990231e-01 2.171051961036941369e-01 4.289471852898585347e-02 5.282892706763638035e-02 2.259171429910299123e-01 7.398090207012240904e-02
